9596382508,02105025,12/04/2009,78,79,79,78,78,77,77,80,96,93,103,140,141,146,156,169,176,181,-,-,-,-,-,-,-,-,-,-,-,-,-,-,-,-,-,-,-,-,-,-,-,-,-,-,-,-,-,-
9596382508,02105025,12/03/2009,79,79,79,80,80,80,80,82,98,98,107,146,150,158,163,172,176,179,195,230,221,220,221,218,222,221,215,217,217,209,193,158,157,145,129,124,119,110,107,105,95,95,87,79,78,77,78,78
9596382508,02105025,12/02/2009,82,81,81,82,82,82,82,84,98,97,105,139,143,147,156,166,170,177,178,174,172,174,173,174,181,180,173,169,167,166,162,162,158,149,136,130,125,112,109,106,95,95,89,80,80,80,80,80
9596382508,02105025,12/01/2009,79,79,80,79,78,79,79,81,93,92,101,140,144,151,161,173,179,182,183,177,174,177,174,176,181,181,175,174,174,172,167,161,158,146,131,125,119,110,108,104,97,96,89,82,83,82,81,80
9596382508,02105025,11/30/2009,81,81,81,81,81,81,81,83,97,96,103,140,144,150,158,167,175,177,179,174,172,173,174,172,178,180,168,167,168,168,164,166,164,153,141,130,128,110,105,103,94,94,88,80,80,79,78,79
9596382508,02105025,11/29/2009,77,78,78,77,77,86,79,79,91,91,95,104,104,104,104,104,104,104,105,104,106,114,114,113,114,117,113,112,113,112,113,112,112,113,114,113,110,109,107,104,96,96,89,82,81,81,80,80
9596382508,02105025,11/28/2009,78,77,77,77,78,78,77,80,92,91,97,106,104,105,106,112,112,111,106,104,104,104,103,104,111,109,103,103,103,103,102,104,110,108,109,109,109,102,100,98,91,91,84,77,78,76,77,78
9596382508,02105025,11/27/2009,77,77,77,77,77,77,77,79,92,90,96,104,104,105,105,111,111,111,106,103,104,104,103,103,109,111,106,106,105,105,106,105,113,113,113,113,113,106,104,101,93,94,86,78,78,78,79,79
9596382508,02105025,11/26/2009,77,78,77,77,78,77,77,80,96,94,100,108,107,106,107,114,113,113,113,105,106,106,105,106,113,114,106,106,106,104,106,105,113,112,113,113,112,104,103,99,92,92,84,77,77,77,77,77
9596382508,02105025,11/25/2009,83,83,83,83,83,82,83,85,102,99,113,149,150,157,162,175,174,179,178,174,173,174,171,169,170,161,150,148,144,140,134,133,133,129,123,120,116,107,104,102,93,93,85,78,77,77,77,77
9596382508,02105025,11/24/2009,80,79,80,79,79,79,80,82,97,95,103,140,144,154,162,174,180,183,181,181,181,182,183,182,186,185,179,177,173,172,172,165,166,157,140,128,125,114,112,109,99,98,90,83,84,84,83,84
9596382508,02105025,11/23/2009,76,77,76,77,76,76,77,79,96,92,101,140,144,149,159,165,170,175,178,180,180,181,177,176,176,177,176,175,174,168,166,162,153,145,134,125,114,110,108,105,97,97,87,79,79,79,80,79
9596382508,02105025,11/22/2009,77,77,77,78,77,77,77,79,96,93,98,106,105,105,106,106,105,104,105,106,107,108,108,110,111,112,112,112,114,113,112,112,112,109,107,107,106,106,102,99,92,91,84,77,76,78,78,77
9596382508,02105025,11/21/2009,79,79,77,79,79,79,78,79,97,95,101,109,107,108,108,115,113,114,112,111,116,116,116,117,125,125,120,119,116,109,108,108,115,115,114,113,113,105,104,100,90,91,84,77,77,76,77,77
9596382508,02105025,11/20/2009,80,81,81,81,80,81,81,83,100,101,110,149,152,154,161,173,177,183,185,182,182,196,231,215,226,224,217,212,210,208,199,196,195,188,174,157,153,144,139,102,95,94,87,79,79,78,79,79
9596382508,02105025,11/19/2009,81,80,82,80,81,80,81,82,100,100,110,146,150,153,159,176,184,191,194,184,187,186,188,188,197,195,188,187,184,183,182,178,178,164,148,141,138,128,122,118,103,102,91,81,81,81,82,81
9596382508,02105025,11/18/2009,79,80,80,79,80,80,80,81,98,97,104,134,140,144,153,168,176,182,183,180,180,181,180,182,189,188,178,179,178,176,170,166,165,156,141,135,132,120,115,112,100,100,91,80,80,80,82,80
9596382508,02105025,11/17/2009,79,79,78,80,79,78,78,81,98,96,107,144,144,150,157,171,180,186,184,183,184,187,183,183,191,190,182,185,228,234,224,215,208,194,183,173,167,149,141,103,95,96,87,79,80,80,79,79
9596382508,02105025,11/16/2009,81,82,82,81,82,81,82,83,102,101,110,143,148,156,163,177,181,189,185,183,183,185,183,199,249,255,246,243,240,239,237,230,225,210,190,176,168,156,145,103,95,95,87,79,80,80,79,77
9596382508,02105025,11/15/2009,81,82,82,81,81,81,82,84,100,99,105,112,111,111,110,109,109,111,112,113,115,117,117,118,120,121,122,122,122,124,124,123,124,125,125,126,126,125,123,118,104,103,91,81,81,82,82,82
9596382508,02105025,11/14/2009,82,81,81,80,82,81,82,84,100,98,106,113,112,111,111,120,120,119,114,112,112,112,113,113,121,121,113,115,114,114,114,114,123,122,121,123,123,112,111,108,96,96,88,81,81,82,82,82
9596382508,02105025,11/13/2009,80,82,81,81,81,81,81,83,97,95,110,138,141,145,152,167,173,180,177,173,173,173,172,172,180,180,169,167,168,162,154,151,151,143,133,129,126,116,113,110,99,99,91,85,84,83,82,81
9596382508,02105025,11/12/2009,85,84,84,83,84,84,84,85,100,99,107,138,143,147,157,170,178,185,186,178,177,180,179,181,190,187,177,174,172,169,166,162,166,157,142,129,124,113,110,106,98,97,88,82,83,82,82,82
9596382508,02105025,11/11/2009,73,74,73,74,74,73,73,76,94,92,98,108,110,113,116,125,127,129,123,121,122,123,124,124,137,140,131,131,131,131,127,125,133,129,129,126,125,114,113,109,101,101,94,87,85,85,85,86
9596382508,02105025,11/10/2009,76,76,75,76,77,76,76,78,95,93,102,137,141,144,152,168,176,183,184,180,181,180,184,185,193,193,184,183,181,178,173,171,173,164,147,133,131,118,114,109,96,95,84,75,75,75,75,73
9596382508,02105025,11/09/2009,79,78,79,79,78,78,78,81,98,96,109,147,151,155,163,177,181,187,186,183,199,240,236,234,242,241,232,229,226,225,223,219,217,207,192,180,172,112,108,107,95,95,83,77,77,76,76,76
9596382508,02105025,11/08/2009,79,79,79,79,79,78,79,81,96,93,100,107,107,107,107,105,106,107,107,108,110,110,112,115,116,117,119,120,121,120,120,122,123,122,122,123,123,124,122,117,105,104,91,81,80,79,79,78
9596382508,02105025,11/07/2009,79,78,79,80,79,78,78,80,96,94,101,108,108,108,109,118,115,116,112,107,108,106,106,107,116,116,108,109,110,109,110,111,117,118,118,117,117,105,103,102,92,92,83,79,78,78,78,78
9596382508,02105025,11/06/2009,82,81,82,81,80,81,81,83,98,96,104,134,137,144,156,171,176,182,181,177,174,177,176,177,182,183,176,174,171,168,165,160,156,144,130,123,120,107,105,103,94,95,86,80,80,80,80,79
9596382508,02105025,11/05/2009,77,77,77,79,77,77,77,79,95,92,102,136,139,145,153,167,174,179,180,174,174,177,174,174,178,177,168,168,167,168,169,165,156,149,131,125,122,110,106,104,93,93,86,81,82,81,81,81
9596382508,02105025,11/04/2009,79,79,79,79,79,78,79,80,94,92,106,138,140,148,158,168,172,176,176,172,173,169,170,170,178,178,172,172,170,168,164,155,156,143,127,121,117,106,103,100,92,91,84,78,78,78,78,78
9596382508,02105025,11/03/2009,82,82,82,82,82,82,81,84,98,97,104,117,122,136,146,161,166,166,164,161,162,165,165,167,176,176,169,168,169,168,167,165,162,152,140,131,126,114,108,104,93,93,85,80,80,80,79,79
9596382508,02105025,11/02/2009,78,77,78,78,77,79,77,80,91,90,99,130,135,144,154,170,174,181,178,176,176,179,176,177,186,184,177,179,177,179,177,175,168,157,143,130,126,111,107,103,95,95,87,82,82,82,82,82
9596382508,02105025,11/01/2009,79,78,77,77,78,78,77,80,97,94,102,110,107,106,104,104,103,103,103,103,103,103,103,103,104,103,104,104,104,103,102,102,103,101,102,103,103,102,100,97,89,90,83,78,77,78,77,77
9596382508,02105025,10/31/2009,79,79,78,77,77,78,78,78,77,81,96,95,101,109,108,107,108,116,117,117,112,107,107,108,108,109,119,120,113,114,115,115,117,119,127,129,129,131,132,121,119,116,104,102,88,81,77,79
9596382508,02105025,10/30/2009,77,77,78,77,78,78,78,77,77,79,100,125,133,147,152,155,163,178,179,181,175,172,167,169,173,170,177,176,165,160,159,155,147,141,137,126,120,118,118,110,105,103,93,93,86,80,79,78
9596382508,02105025,10/29/2009,78,77,79,77,78,77,77,77,77,79,101,126,138,150,158,166,174,188,192,191,190,182,184,182,180,178,187,187,176,170,169,165,158,148,138,130,125,123,122,110,107,106,93,92,83,77,77,79
9596382508,02105025,10/28/2009,79,79,79,79,79,79,79,79,78,82,100,125,139,151,156,166,172,187,191,193,188,185,185,185,232,247,252,245,234,231,230,220,209,195,192,185,179,176,156,121,122,120,98,96,85,78,78,77
9596382508,02105025,10/27/2009,80,81,80,80,80,80,80,80,80,82,101,121,139,149,153,162,170,183,189,187,179,176,176,177,178,178,187,186,173,171,171,168,157,150,148,143,129,127,124,115,112,107,96,95,84,81,79,80
9596382508,02105025,10/26/2009,76,77,76,76,76,76,76,76,75,79,97,120,135,151,156,164,172,186,191,190,185,182,183,181,182,184,194,203,234,237,230,226,215,206,202,171,139,130,128,119,115,111,99,99,87,81,80,81
9596382508,02105025,10/25/2009,78,78,78,78,77,78,77,78,78,80,98,99,110,122,118,115,113,113,111,112,114,116,117,118,119,118,119,119,122,124,123,123,124,124,124,124,122,120,120,117,113,108,95,93,83,77,77,76
9596382508,02105025,10/24/2009,77,78,77,79,77,78,77,77,78,80,97,97,108,120,121,130,130,131,127,123,123,123,123,125,134,134,126,124,126,125,125,127,134,134,136,135,134,126,125,124,122,118,105,104,89,79,79,79
9596382508,02105025,10/23/2009,83,81,81,81,82,80,81,81,80,85,137,158,171,189,193,211,216,221,219,214,216,214,215,213,187,180,175,174,171,167,165,165,160,151,141,135,133,124,123,123,120,116,103,103,88,79,79,77
9596382508,02105025,10/22/2009,79,79,79,79,79,80,79,79,78,81,100,125,136,149,157,171,176,183,187,181,184,185,184,183,187,184,197,237,232,227,223,215,215,199,184,172,170,158,155,154,146,105,98,100,89,83,83,83
9596382508,02105025,10/21/2009,82,81,80,81,80,81,81,80,81,82,103,124,139,154,164,177,181,188,191,184,182,180,214,247,252,247,237,234,228,225,222,219,217,207,187,174,168,158,140,110,110,108,97,96,85,78,79,79
9596382508,02105025,10/20/2009,80,80,79,80,80,79,79,78,78,80,96,120,130,143,151,170,178,181,179,176,177,177,176,180,186,184,176,177,175,173,171,168,166,159,141,137,134,126,125,123,120,116,102,102,90,82,82,81
9596382508,02105025,10/19/2009,77,77,76,77,76,77,76,77,76,78,92,117,130,143,153,168,176,179,179,170,170,168,166,167,177,177,169,168,166,166,165,164,164,152,133,126,121,110,109,106,103,100,92,91,83,79,79,79
9596382508,02105025,10/18/2009,78,78,77,78,77,77,77,77,76,78,90,89,98,101,102,101,102,102,103,102,103,103,104,103,103,102,102,101,102,103,102,102,102,101,101,101,100,102,100,101,99,97,90,90,80,78,77,77
9596382508,02105025,10/17/2009,77,77,77,78,77,78,77,77,77,79,92,90,98,103,103,112,112,112,107,104,103,103,104,105,112,111,102,103,104,103,103,103,113,112,112,112,110,102,102,101,99,97,89,89,82,78,78,78
9596382508,02105025,10/16/2009,79,79,79,78,79,80,78,79,78,80,93,116,133,148,157,173,180,185,182,177,178,181,181,176,184,179,167,165,166,162,156,151,147,137,128,121,118,104,106,103,102,99,91,90,82,77,77,77
9596382508,02105025,10/15/2009,80,79,79,79,79,78,78,78,78,79,92,91,114,142,152,168,178,182,187,179,180,176,175,174,183,184,169,169,168,165,160,152,156,145,129,122,119,106,106,105,103,100,91,91,83,79,80,78
9596382508,02105025,10/14/2009,80,80,80,80,80,80,80,79,79,82,97,98,119,147,151,166,171,179,178,176,176,181,178,179,183,184,175,175,171,168,158,156,157,146,135,127,122,113,112,107,104,100,92,93,85,81,81,78
9596382508,02105025,10/13/2009,73,74,74,74,74,73,73,74,73,76,93,119,138,149,159,174,180,184,181,176,175,180,180,179,207,245,235,228,224,221,216,211,206,194,179,169,165,154,154,116,109,105,94,93,85,80,80,80
9596382508,02105025,10/12/2009,76,75,76,75,75,76,75,75,75,77,95,96,108,120,117,123,121,119,114,110,110,110,108,109,116,116,107,108,103,103,103,104,110,111,110,110,109,101,101,100,99,97,87,88,79,75,73,74
9596382508,02105025,10/11/2009,77,76,77,76,75,76,76,76,76,78,96,96,109,118,113,111,109,109,108,110,112,113,114,116,120,121,121,122,122,121,122,122,122,123,123,123,124,122,124,122,121,118,104,103,86,78,75,76
9596382508,02105025,10/10/2009,76,77,76,75,76,76,75,75,74,77,94,94,107,119,120,132,132,133,128,124,124,123,123,124,133,133,124,125,124,125,125,124,130,129,129,130,130,121,122,120,118,114,102,101,85,76,76,76
9596382508,02105025,10/09/2009,74,74,74,74,73,73,73,73,73,76,93,131,159,194,196,210,214,217,217,211,215,215,215,218,225,224,218,220,219,220,220,216,215,204,190,185,182,169,163,161,154,100,94,96,82,76,76,76
9596382508,02105025,10/08/2009,77,77,74,74,74,74,74,74,74,76,94,118,137,147,153,167,172,179,183,178,181,184,182,221,244,231,221,219,216,212,208,205,200,187,171,162,158,132,105,106,106,103,92,92,80,75,76,74
9596382508,02105025,10/07/2009,73,73,74,73,74,73,73,73,73,76,140,166,194,213,216,229,234,243,240,236,236,235,232,227,233,233,221,217,218,215,210,208,199,192,182,164,156,131,104,106,103,100,90,90,80,76,76,76
9596382508,02105025,10/06/2009,79,78,78,77,77,77,78,78,77,79,100,154,183,196,198,209,214,221,222,221,220,225,224,227,235,233,224,223,224,221,218,215,211,200,187,170,166,154,154,151,143,97,92,94,80,76,75,73
9596382508,02105025,10/05/2009,77,76,77,77,76,76,77,76,77,78,102,129,148,164,170,185,190,195,194,188,186,186,184,193,242,250,240,243,241,238,235,232,228,213,204,186,178,165,164,161,153,107,99,97,85,79,78,78
9596382508,02105025,10/04/2009,77,78,77,77,77,77,77,77,77,79,98,97,113,122,123,120,119,118,119,121,123,122,122,121,122,123,122,123,123,124,122,123,122,121,122,123,122,122,123,123,119,116,102,103,83,77,77,77
9596382508,02105025,10/03/2009,76,76,77,76,77,77,77,77,76,79,96,96,107,116,119,129,130,130,124,121,121,121,122,123,134,131,122,122,122,122,123,122,131,130,130,130,129,123,123,121,118,115,102,101,84,76,77,76
9596382508,02105025,10/02/2009,79,78,79,78,79,78,78,79,79,80,109,127,139,150,158,171,180,184,198,231,227,228,225,223,231,229,218,218,215,214,206,206,202,191,177,167,163,152,150,149,143,98,92,93,82,78,76,77
9596382508,02105025,10/01/2009,77,77,77,77,77,77,77,77,78,80,100,129,140,150,156,168,173,178,184,176,182,223,214,215,223,220,208,208,210,208,205,200,197,189,172,164,155,110,109,109,107,104,94,92,83,78,79,79
9596382508,02105025,09/30/2009,95,96,95,95,93,94,94,93,94,94,100,127,139,148,158,172,179,185,184,180,181,186,186,184,193,242,251,243,238,232,225,220,218,209,193,183,178,151,114,108,107,104,93,92,82,77,76,77
9596382508,02105025,09/29/2009,74,72,73,72,73,72,72,72,72,74,99,158,173,181,187,174,177,183,185,183,185,185,185,190,242,258,237,232,223,221,216,217,215,202,193,184,164,152,137,104,106,107,107,106,98,97,95,95
9596382508,02105025,09/28/2009,76,76,76,76,76,75,76,73,73,77,141,154,190,200,204,217,220,225,227,226,227,229,229,228,235,235,228,231,228,228,225,222,222,210,197,192,181,151,149,145,137,93,85,88,77,73,73,73
9596382508,02105025,09/27/2009,74,74,74,75,74,75,74,74,73,79,143,141,160,171,169,167,166,166,165,164,163,159,100,103,107,110,116,117,118,119,120,119,119,118,118,119,121,121,121,120,118,115,101,101,82,76,76,76
9596382508,02105025,09/26/2009,75,75,75,74,75,73,74,73,74,77,95,95,107,111,109,118,116,117,113,109,110,109,110,112,120,120,112,114,113,113,113,114,123,123,123,122,122,111,112,109,107,104,92,92,80,76,74,74
9596382508,02105025,09/25/2009,75,75,75,75,75,75,75,75,75,78,151,183,202,223,228,237,243,245,246,239,234,232,231,229,234,232,223,222,223,218,217,214,204,193,178,171,167,154,154,151,143,98,90,93,81,76,75,74
9596382508,02105025,09/24/2009,79,80,78,79,79,79,79,79,78,83,153,195,214,232,238,252,254,260,262,253,254,255,253,253,262,257,248,245,245,243,242,241,244,223,208,202,195,185,184,181,175,112,103,103,82,75,74,75
9596382508,02105025,09/23/2009,76,76,76,75,76,76,76,76,76,79,146,149,156,181,188,242,245,250,251,248,248,248,246,248,256,255,247,248,245,243,241,241,235,223,209,205,202,190,185,182,176,114,106,107,86,79,78,79
9596382508,02105025,09/22/2009,74,72,73,73,73,72,72,72,73,75,138,167,188,208,196,224,240,245,240,237,238,235,235,235,243,244,235,234,232,228,228,227,226,211,201,190,181,173,169,166,154,97,95,83,76,75,76,75
9596382508,02105025,09/21/2009,82,83,83,84,81,82,82,84,84,84,133,154,169,184,190,205,216,221,221,223,222,220,218,220,230,225,219,217,217,215,215,215,217,210,192,176,171,151,149,147,109,98,90,92,79,75,75,75
9596382508,02105025,09/20/2009,79,83,83,84,82,79,83,82,84,85,129,121,122,140,138,137,135,137,138,138,138,137,107,107,148,144,145,143,142,141,141,141,140,141,142,141,140,139,138,137,135,132,117,103,93,81,80,81
9596382508,02105025,09/19/2009,75,74,76,74,75,74,75,74,75,77,94,94,106,111,113,122,119,171,184,176,173,170,171,167,178,176,159,151,153,150,149,149,156,155,157,157,156,146,145,141,137,135,120,116,93,83,83,83
9596382508,02105025,09/18/2009,76,76,77,75,76,75,75,76,75,77,130,164,188,198,202,217,224,232,227,225,223,225,223,221,229,226,217,214,211,210,206,204,202,193,179,172,167,158,154,152,109,98,91,92,79,76,76,75
9596382508,02105025,09/17/2009,75,76,75,76,75,75,76,76,75,77,133,175,202,218,218,228,230,234,236,228,228,230,227,227,233,231,222,221,219,212,206,203,204,195,183,165,163,150,149,146,109,99,90,91,80,76,76,76
9596382508,02105025,09/16/2009,76,75,76,75,75,76,76,74,75,77,129,178,209,229,234,248,251,254,249,245,245,243,241,242,250,247,239,239,237,236,232,227,217,208,192,182,173,161,161,156,114,108,101,102,82,77,76,76
9596382508,02105025,09/15/2009,81,80,82,81,81,81,81,81,81,83,136,185,214,234,239,249,252,260,258,255,259,256,256,257,261,257,249,245,242,240,235,230,231,220,200,192,187,176,171,169,119,109,100,102,82,76,76,76
9596382508,02105025,09/14/2009,76,75,77,76,77,76,77,76,76,79,130,182,211,231,237,252,258,264,263,259,257,261,257,254,262,259,249,248,247,246,244,240,247,242,228,214,210,194,192,191,139,121,106,106,87,81,80,81
9596382508,02105025,09/13/2009,76,75,76,77,76,76,76,76,75,78,128,150,170,185,180,176,169,165,162,161,161,159,120,114,121,121,121,122,122,122,121,123,123,124,125,125,124,125,123,123,121,118,103,104,85,79,78,76
9596382508,02105025,09/12/2009,76,77,76,76,76,76,75,77,76,79,96,96,110,116,116,124,124,123,120,116,116,116,116,119,131,130,121,120,121,120,122,122,130,129,131,131,129,121,122,121,119,115,103,101,81,75,76,76
9596382508,02105025,09/11/2009,74,73,74,73,73,72,73,73,73,75,126,158,182,190,197,212,218,225,201,206,223,226,225,225,231,231,220,219,219,215,212,209,206,190,171,164,160,147,146,144,107,99,91,92,79,76,76,76
9596382508,02105025,09/10/2009,75,75,74,75,75,75,74,74,74,76,128,170,198,211,210,221,227,231,236,227,227,226,227,225,233,232,226,221,215,213,210,205,199,190,171,163,157,145,145,142,109,98,91,95,80,75,76,75
9596382508,02105025,09/09/2009,73,72,72,73,73,72,72,73,72,74,129,172,202,219,225,238,238,240,237,239,243,242,240,235,240,239,227,226,224,221,214,207,209,198,182,168,164,150,149,146,108,100,96,99,79,75,75,76
9596382508,02105025,09/08/2009,73,73,73,72,74,73,73,72,73,75,126,173,207,221,228,243,249,255,251,245,245,241,234,232,242,239,222,224,224,220,217,215,214,196,174,168,164,153,152,147,108,102,98,99,77,73,73,73
9596382508,02105025,09/07/2009,76,75,73,74,73,74,73,73,75,75,127,155,176,185,186,195,194,195,188,184,184,184,185,185,195,195,185,187,186,186,186,187,195,193,190,188,186,174,172,167,116,112,102,101,79,73,74,73
9596382508,02105025,09/06/2009,75,72,74,74,73,74,73,73,75,75,127,152,174,185,184,184,182,183,183,183,184,184,134,119,120,119,120,118,120,120,119,119,120,119,121,120,120,123,122,121,119,115,102,101,78,75,76,75
9596382508,02105025,09/05/2009,73,74,73,74,73,73,72,73,73,76,93,93,112,118,118,127,128,127,123,119,119,119,119,120,128,126,120,120,121,120,122,123,130,130,131,131,130,122,122,120,118,116,100,100,79,75,76,76
9596382508,02105025,09/04/2009,77,77,77,78,77,77,77,76,76,80,134,166,197,205,204,217,219,222,219,215,216,210,210,212,218,214,205,204,202,202,201,196,194,183,174,167,166,154,154,150,110,102,98,100,79,74,75,73
9596382508,02105025,09/03/2009,73,73,74,73,73,73,73,73,73,75,126,142,176,204,205,218,223,227,230,222,222,221,222,221,227,227,219,218,216,212,206,195,193,186,172,165,162,151,151,147,112,103,100,102,81,77,77,77
9596382508,02105025,09/02/2009,72,73,73,73,73,73,73,73,73,75,134,161,188,198,200,213,220,222,223,219,219,220,219,219,226,222,215,215,215,210,207,198,198,190,173,163,158,146,145,141,106,98,93,97,78,74,73,74
9596382508,02105025,09/01/2009,74,75,73,74,74,74,73,73,74,76,127,160,185,198,193,205,210,214,214,216,217,217,218,218,228,225,219,217,217,211,208,201,203,191,174,166,161,150,148,144,107,100,96,98,78,74,73,73
9596382508,02105025,08/31/2009,95,94,95,94,95,94,95,95,93,96,134,184,205,223,229,239,242,244,244,238,237,235,236,235,241,237,227,229,228,224,223,218,214,200,180,171,168,158,153,151,111,106,100,100,80,75,75,74
9596382508,02105025,08/30/2009,133,134,133,132,131,130,130,130,130,130,134,135,160,162,156,151,150,151,150,149,150,150,112,108,117,119,120,119,120,119,121,120,120,120,119,120,119,120,119,117,116,116,117,116,100,96,95,95
9596382508,02105025,08/29/2009,95,95,95,95,94,95,96,95,94,96,98,99,112,119,119,127,127,127,122,117,118,141,182,188,196,195,186,186,185,187,185,185,194,193,192,190,190,180,180,177,173,169,162,157,138,133,132,133
9596382508,02105025,08/28/2009,145,145,144,144,144,144,143,141,141,141,152,153,188,212,219,236,241,247,240,238,237,238,240,239,220,252,230,226,221,220,220,217,211,203,188,181,173,161,160,156,110,103,110,114,98,96,96,96
9596382508,02105025,08/27/2009,142,140,140,140,139,139,139,138,137,138,146,173,200,211,218,236,240,243,246,240,240,243,242,245,251,253,244,244,242,241,239,233,229,217,202,197,191,181,178,177,172,173,173,170,153,143,143,143
9596382508,02105025,08/26/2009,131,129,129,130,130,130,130,129,130,130,139,160,189,205,214,225,230,238,238,237,236,238,240,242,247,245,239,242,237,237,233,231,231,217,204,193,191,180,177,174,174,172,171,170,153,141,141,141
9596382508,02105025,08/25/2009,132,132,133,133,133,131,132,131,130,132,141,152,187,196,204,220,224,230,227,225,225,226,226,225,234,234,223,223,224,223,220,220,217,210,197,190,181,168,168,163,157,155,154,154,138,132,131,131
9596382508,02105025,08/24/2009,129,129,127,127,128,126,127,127,126,127,134,158,186,194,201,219,224,228,227,227,227,226,228,227,235,234,228,229,226,224,223,217,218,212,204,190,181,170,168,163,156,154,156,156,139,134,134,133
9596382508,02105025,08/23/2009,136,137,135,134,133,133,131,133,131,133,138,139,164,172,170,166,164,162,162,165,166,167,167,168,173,174,174,169,167,163,163,165,165,166,164,165,163,164,162,158,150,150,150,149,134,130,129,129
9596382508,02105025,08/22/2009,139,139,140,140,139,140,138,140,133,137,147,146,170,177,179,188,188,186,181,177,177,177,177,179,188,187,179,178,179,178,177,175,183,184,182,181,181,171,171,170,166,167,164,163,142,135,136,135
9596382508,02105025,08/21/2009,151,150,150,150,149,147,149,148,149,147,159,185,208,219,229,188,238,258,255,259,254,251,275,308,316,314,303,301,297,288,282,243,222,213,204,200,198,187,188,189,186,185,183,181,160,144,142,141
9596382508,02105025,08/20/2009,144,143,142,142,141,142,140,141,139,141,151,177,211,220,228,241,250,258,260,254,251,251,253,253,260,257,247,248,244,242,240,229,232,223,207,201,199,189,188,186,184,183,183,184,164,161,158,152
9596382508,02105025,08/19/2009,145,145,145,144,143,143,144,143,143,144,154,176,206,216,225,243,249,258,259,253,257,256,254,252,260,251,242,244,244,242,237,229,234,225,210,201,200,189,187,185,182,181,180,180,162,151,147,146
9596382508,02105025,08/18/2009,135,136,135,135,134,134,134,134,134,134,144,172,202,212,219,233,245,252,253,250,254,257,257,256,265,263,255,251,248,246,243,238,234,228,210,202,199,191,188,188,185,183,181,178,163,154,149,146
9596382508,02105025,08/17/2009,135,134,132,132,133,132,133,132,133,133,140,150,188,200,205,225,232,239,240,237,229,234,238,238,249,249,241,241,242,240,233,229,230,213,196,187,182,172,174,170,169,167,166,166,147,137,136,136
9596382508,02105025,08/16/2009,131,131,131,132,132,130,132,132,131,133,139,139,161,178,188,190,190,191,190,181,170,166,167,166,167,167,168,164,162,162,163,163,163,163,163,164,163,164,163,161,155,156,156,154,138,132,134,134
9596382508,02105025,08/15/2009,133,133,133,131,131,131,131,132,132,134,140,139,162,165,164,173,173,171,167,163,162,163,164,167,176,173,166,167,166,165,166,166,174,175,174,174,173,166,166,165,157,156,153,154,136,133,134,131
9596382508,02105025,08/14/2009,134,134,134,133,134,134,136,134,135,134,141,142,187,207,212,224,232,240,237,234,230,230,227,225,236,230,220,224,226,226,222,219,216,207,192,184,181,170,169,167,165,163,162,159,138,132,131,132
9596382508,02105025,08/13/2009,135,136,134,134,134,134,134,133,133,134,143,142,175,208,220,234,234,237,239,231,232,233,231,233,242,235,231,228,227,227,227,227,220,206,194,184,180,171,171,169,164,164,162,164,143,136,135,135
9596382508,02105025,08/12/2009,143,142,141,143,143,141,140,140,141,140,148,149,182,219,224,237,241,244,242,241,239,240,243,243,254,251,242,243,238,234,231,229,225,217,203,194,189,176,175,173,169,168,166,166,148,134,134,135
9596382508,02105025,08/11/2009,143,142,142,142,143,143,141,140,139,141,148,148,180,213,223,239,243,247,243,239,239,242,244,247,251,250,242,240,239,236,236,234,231,226,209,202,199,190,190,188,183,179,177,175,163,151,147,144
9596382508,02105025,08/10/2009,138,138,138,135,134,132,132,131,131,132,138,137,167,196,216,231,238,242,240,237,236,238,238,240,246,243,237,238,241,239,237,236,239,229,218,208,201,182,179,176,173,173,171,172,161,149,143,144
9596382508,02105025,08/09/2009,131,131,131,131,132,132,131,132,131,133,139,138,161,162,162,161,160,159,160,159,161,161,163,162,163,162,162,161,162,161,162,162,161,162,162,163,162,163,163,163,161,161,161,162,143,136,137,137
9596382508,02105025,08/08/2009,126,124,126,125,126,126,126,126,126,127,131,130,150,149,147,156,156,154,148,144,146,146,148,149,160,160,151,150,151,152,153,153,165,165,165,164,165,157,158,157,150,150,150,150,134,132,131,131
9596382508,02105025,08/07/2009,128,129,128,127,127,127,126,127,127,127,133,161,188,191,197,211,216,221,222,220,219,219,218,218,227,223,212,211,208,208,208,202,200,187,172,166,160,149,147,145,140,140,139,140,127,126,125,125
9596382508,02105025,08/06/2009,136,136,135,133,134,134,135,134,135,135,143,163,201,209,213,228,234,242,246,238,238,240,240,236,242,239,228,230,227,225,223,217,213,207,193,181,175,163,162,157,150,147,146,147,130,129,129,130
9596382508,02105025,08/05/2009,133,133,132,133,133,131,133,131,131,132,145,169,196,203,208,224,232,240,239,233,232,234,233,234,241,239,233,234,232,231,230,222,222,215,200,189,184,173,172,171,169,168,166,166,143,136,136,136
9596382508,02105025,08/04/2009,129,129,129,129,129,130,127,127,127,128,137,157,192,201,210,226,233,239,235,233,233,238,241,241,250,248,241,241,242,236,231,224,220,213,197,188,184,173,171,168,166,166,165,161,141,136,136,134
9596382508,02105025,08/03/2009,133,133,133,133,133,133,131,130,129,131,137,155,184,191,198,211,217,228,225,221,221,223,224,224,232,227,221,222,221,220,218,215,213,202,190,184,180,164,161,158,153,151,150,150,132,130,130,130
9596382508,02105025,08/02/2009,134,134,133,133,134,134,134,134,131,130,139,137,157,160,161,160,160,159,161,158,156,153,155,153,155,154,153,156,158,157,159,158,159,159,161,162,162,160,160,158,153,152,152,152,136,133,133,133
9596382508,02105025,08/01/2009,131,132,131,131,131,131,131,131,131,131,140,138,159,161,160,168,167,168,162,160,162,161,161,161,171,171,164,161,164,166,164,166,174,174,175,173,169,160,162,160,157,155,153,153,136,134,134,134
9596382508,02105025,07/31/2009,140,139,138,139,139,137,136,136,136,137,146,168,198,205,216,231,236,239,242,240,241,241,245,248,257,257,248,247,245,242,238,232,224,215,197,186,182,171,170,168,164,160,157,155,136,132,133,131
9596382508,02105025,07/30/2009,139,139,138,136,134,135,134,135,133,132,143,171,204,211,221,237,240,247,251,241,239,240,239,239,249,246,239,240,239,234,232,229,230,215,209,202,198,186,187,183,173,168,166,163,145,139,140,139
9596382508,02105025,07/29/2009,140,139,138,138,137,137,137,136,135,136,146,168,199,208,221,238,245,250,250,246,245,247,247,249,256,258,245,247,245,242,241,238,236,226,219,211,207,188,186,179,175,172,171,169,149,141,140,140
9596382508,02105025,07/28/2009,133,134,134,134,134,132,131,131,130,131,141,159,191,200,208,224,233,239,239,235,237,240,241,241,248,246,241,243,245,246,238,234,225,221,208,198,189,180,178,177,175,173,172,171,156,144,142,142
9596382508,02105025,07/27/2009,131,130,127,128,128,128,128,127,128,129,134,150,189,198,207,223,233,242,240,232,230,230,231,229,235,235,229,230,227,225,222,215,220,211,197,188,185,172,168,167,164,162,162,160,137,135,136,136
9596382508,02105025,07/26/2009,127,128,128,127,127,127,128,126,127,127,133,131,156,157,153,153,151,150,150,150,152,153,155,154,155,156,156,157,158,157,157,158,159,160,160,160,158,160,158,159,154,151,151,151,132,130,131,130
9596382508,02105025,07/25/2009,128,127,126,126,126,127,127,128,127,127,134,133,158,159,157,165,163,163,158,155,155,157,156,157,168,165,156,157,158,159,159,160,167,170,170,171,170,162,161,159,152,149,144,144,128,127,127,128
9596382508,02105025,07/24/2009,133,133,131,131,131,132,133,131,131,132,139,138,177,205,210,222,230,235,236,235,235,235,236,235,240,238,229,227,230,230,219,218,213,205,196,189,178,164,160,159,153,149,149,149,130,129,130,128
9596382508,02105025,07/23/2009,130,130,129,130,130,130,129,130,128,130,139,137,179,211,221,237,241,247,249,241,242,242,244,245,254,254,246,243,242,245,241,231,234,226,207,195,187,175,174,171,170,166,165,160,136,131,132,133
9596382508,02105025,07/22/2009,130,130,130,129,131,129,131,130,130,130,136,134,170,203,212,225,232,238,238,236,235,237,238,238,248,248,241,242,241,239,235,231,231,222,197,187,180,170,169,167,165,158,157,156,135,131,132,130
9596382508,02105025,07/21/2009,129,128,129,128,128,129,129,128,129,129,134,133,174,204,209,221,225,232,230,225,228,228,229,228,237,233,224,222,224,220,220,218,211,200,184,176,173,162,159,155,150,151,151,151,133,131,131,131
9596382508,02105025,07/20/2009,128,127,126,126,126,126,126,126,126,127,132,131,163,191,201,218,223,228,232,229,229,231,230,230,238,233,223,220,220,220,220,215,211,199,181,171,167,153,152,149,147,145,146,145,130,127,129,129
9596382508,02105025,07/19/2009,127,127,127,126,126,126,126,127,126,127,130,129,146,144,142,142,142,142,143,143,143,145,146,146,145,146,146,145,145,146,145,146,145,146,148,146,147,146,145,144,141,141,140,140,129,127,128,127
9596382508,02105025,07/18/2009,128,128,129,129,129,127,128,127,128,128,133,132,155,150,150,156,157,158,153,149,149,149,149,151,158,157,149,149,149,149,149,150,158,157,158,157,156,148,146,145,140,141,140,139,127,127,127,128
9596382508,02105025,07/17/2009,134,135,134,133,133,132,132,132,131,132,140,158,195,200,207,225,232,239,239,238,240,240,239,239,248,243,232,231,232,233,232,226,220,203,188,183,181,170,167,163,153,152,151,149,132,130,130,130
9596382508,02105025,07/16/2009,129,128,129,129,130,129,129,129,128,129,136,164,198,203,208,225,228,237,243,237,237,238,240,242,249,243,234,235,233,235,231,223,218,207,193,183,180,173,171,169,167,167,165,165,141,134,134,135
9596382508,02105025,07/15/2009,127,127,129,127,127,127,127,127,126,127,131,152,181,186,197,212,218,222,222,216,217,223,223,224,231,230,222,223,222,220,218,217,210,203,191,182,176,164,162,158,153,151,151,148,132,130,130,129
9596382508,02105025,07/14/2009,129,129,128,129,129,130,128,128,128,128,136,163,180,187,197,212,218,221,220,218,220,220,221,223,234,234,222,218,216,213,210,208,205,195,175,170,164,152,152,149,144,142,142,142,129,128,128,128
9596382508,02105025,07/13/2009,126,125,125,125,125,125,125,124,124,124,129,142,180,185,193,209,219,222,225,220,220,221,221,221,230,230,221,219,219,220,217,217,214,204,193,184,181,172,168,159,151,147,146,145,131,130,130,129
9596382508,02105025,07/12/2009,132,129,129,129,130,130,129,129,129,130,136,134,156,155,153,152,150,151,152,151,153,152,153,153,153,151,150,150,151,149,148,148,150,150,151,151,152,150,150,148,143,141,143,141,128,126,126,126
9596382508,02105025,07/11/2009,126,126,125,125,125,125,125,124,126,126,130,130,145,146,144,153,152,153,147,144,145,145,149,152,162,159,150,150,150,152,154,157,165,164,164,165,165,157,158,156,150,150,149,149,134,132,133,131
9596382508,02105025,07/10/2009,79,78,78,79,78,78,78,78,78,80,131,151,177,190,200,215,223,228,224,218,223,223,223,222,224,222,213,212,214,214,209,203,210,196,181,172,166,156,153,151,145,144,143,140,126,128,127,125
9596382508,02105025,07/09/2009,73,73,72,72,72,72,72,73,72,74,93,165,201,197,201,217,221,227,230,224,224,224,224,222,230,228,220,217,217,218,212,195,198,191,178,167,163,150,148,146,109,100,90,91,79,79,79,78
9596382508,02105025,07/08/2009,128,126,126,126,126,126,126,126,126,127,128,128,150,168,183,202,212,216,215,212,216,216,215,214,221,220,214,213,212,212,204,201,198,189,170,163,159,150,148,144,140,136,122,119,78,73,73,73
9596382508,02105025,07/07/2009,125,126,125,126,127,126,126,126,126,126,130,154,177,183,194,209,214,223,221,221,222,222,220,222,231,229,217,217,215,217,210,205,201,193,178,172,165,154,155,152,145,144,143,142,128,128,128,126
9596382508,02105025,07/06/2009,123,123,123,122,123,123,122,122,122,123,129,143,169,175,183,205,212,215,214,210,210,210,209,207,216,216,207,209,211,213,210,204,207,199,179,169,164,154,152,149,142,140,140,137,127,126,125,126
9596382508,02105025,07/05/2009,123,123,122,122,122,123,123,122,123,123,126,126,140,137,137,136,136,134,134,134,135,135,136,137,137,136,136,136,136,136,136,137,137,137,139,137,137,138,137,137,131,132,132,131,124,123,123,122
9596382508,02105025,07/04/2009,123,123,123,123,123,123,123,123,123,124,128,128,141,140,140,148,147,148,143,139,140,138,139,141,150,150,143,142,143,143,144,142,151,152,151,153,151,142,143,140,137,137,136,135,124,125,124,123
9596382508,02105025,07/03/2009,126,126,126,125,126,126,123,124,124,125,129,127,144,141,140,149,148,149,143,140,141,141,143,143,150,149,141,141,143,144,143,145,154,153,154,154,152,146,145,143,137,139,137,136,124,124,124,123
9596382508,02105025,07/02/2009,128,126,127,127,127,127,127,127,127,128,133,132,173,195,203,217,219,221,226,219,217,221,220,219,224,220,213,212,210,211,202,198,198,185,169,166,164,154,152,151,145,146,143,141,127,126,126,126
9596382508,02105025,07/01/2009,128,129,129,129,129,129,129,129,127,129,134,135,176,199,206,217,222,226,223,219,217,221,219,222,230,228,217,217,217,217,211,208,212,204,188,176,148,169,161,156,150,148,148,148,128,130,129,128
9596382508,02105025,06/30/2009,128,128,129,127,127,127,125,127,126,126,130,132,166,187,190,206,212,218,219,217,217,219,221,223,234,232,226,220,219,216,210,206,207,195,180,172,171,164,160,158,153,152,147,145,130,128,128,129
9596382508,02105025,06/29/2009,125,126,126,126,126,127,127,125,127,127,130,132,159,189,195,211,214,219,214,214,214,215,216,217,222,218,207,208,207,206,205,205,200,196,180,171,164,154,153,152,146,146,144,142,129,129,128,127
9596382508,02105025,06/28/2009,127,127,127,127,128,127,127,127,127,127,132,134,153,149,149,145,144,145,145,146,144,145,143,144,145,147,148,147,149,148,149,149,150,150,150,151,150,149,152,149,143,144,143,141,127,124,125,125
9596382508,02105025,06/27/2009,133,134,133,133,132,132,131,131,130,130,137,138,160,157,154,164,160,161,157,151,151,151,152,154,163,161,154,154,153,151,156,155,164,163,162,164,161,152,154,152,146,145,146,144,130,128,128,127
9596382508,02105025,06/26/2009,133,132,132,133,131,131,130,130,129,130,138,141,190,204,210,226,234,240,237,234,234,235,237,238,245,240,234,234,232,229,224,221,222,216,209,203,199,189,189,186,181,179,177,167,138,137,134,133
9596382508,02105025,06/25/2009,131,131,130,130,130,130,130,130,130,130,137,166,201,204,211,222,227,228,232,226,225,229,230,228,237,242,237,234,236,229,229,223,216,211,204,188,183,174,171,168,160,157,156,155,134,134,134,133
9596382508,02105025,06/24/2009,130,150,137,133,129,128,127,128,126,126,129,156,190,198,204,216,221,231,240,238,238,240,241,243,249,246,240,240,237,235,233,230,223,214,196,189,184,173,171,168,157,158,156,153,135,135,135,132
9596382508,02105025,06/23/2009,147,138,134,132,130,130,129,128,128,129,137,159,198,198,196,211,216,222,217,213,214,216,216,217,226,225,218,217,216,216,210,207,209,197,177,169,164,155,153,149,109,106,113,112,93,94,95,94
9596382508,02105025,06/22/2009,92,92,92,92,91,92,92,92,92,92,131,185,210,218,222,233,239,247,246,242,243,244,243,240,249,247,237,237,234,231,232,227,232,220,207,197,191,174,173,165,114,113,116,114,95,97,96,136
9596382508,02105025,06/21/2009,125,124,123,124,123,123,124,123,123,124,129,130,150,146,144,141,140,140,139,139,138,139,103,99,104,107,107,109,112,116,116,116,115,115,115,116,116,116,116,117,115,114,114,109,92,92,92,93
9596382508,02105025,06/20/2009,126,126,126,126,126,125,126,125,125,126,130,133,154,153,153,160,159,157,152,147,149,147,149,150,160,158,150,150,150,152,153,155,164,160,159,159,158,149,149,146,143,142,142,138,127,127,127,125
9596382508,02105025,06/19/2009,83,81,79,80,82,81,82,81,76,82,134,158,198,197,198,209,214,222,222,221,220,220,221,223,231,230,221,220,218,220,221,216,209,198,184,172,164,156,154,151,129,147,143,144,128,128,127,126
9596382508,02105025,06/18/2009,84,84,85,81,83,82,83,83,80,83,136,159,212,208,212,224,232,236,241,233,235,236,237,237,248,249,241,241,235,229,225,225,224,212,191,180,173,162,160,155,139,146,125,120,80,81,82,81
9596382508,02105025,06/17/2009,72,73,71,73,72,72,72,72,72,74,131,168,207,204,209,224,230,237,232,228,228,230,230,230,239,237,224,225,227,223,218,214,214,204,186,179,166,151,147,147,107,99,92,92,75,74,90,84
9596382508,02105025,06/16/2009,140,138,135,133,134,134,132,133,131,132,147,173,212,211,216,227,234,242,239,235,238,237,239,238,246,245,235,233,228,224,218,221,225,211,186,175,168,157,154,151,110,102,96,94,72,72,73,72
9596382508,02105025,06/15/2009,94,93,93,94,94,93,95,93,94,95,132,188,212,220,231,245,246,254,251,247,247,250,251,250,257,254,245,244,245,243,239,233,237,227,208,197,188,168,166,163,116,112,119,115,98,98,141,149
9596382508,02105025,06/14/2009,126,125,125,125,123,124,124,124,124,126,129,132,148,147,144,143,143,141,142,139,141,140,106,99,102,103,105,108,108,110,112,114,115,116,117,120,119,120,120,118,117,115,115,112,94,95,95,94
9596382508,02105025,06/13/2009,136,130,131,130,129,130,128,129,129,128,133,136,156,152,151,160,158,160,153,150,150,149,150,151,161,160,153,153,151,152,151,153,159,160,160,160,158,147,147,146,141,141,141,139,127,127,127,125
9596382508,02105025,06/12/2009,132,131,130,130,129,129,130,129,129,130,140,166,198,204,210,221,227,232,231,228,233,228,223,224,232,232,220,218,217,217,216,210,207,198,180,172,167,159,156,156,110,104,109,111,96,97,141,144
9596382508,02105025,06/11/2009,129,130,129,128,129,129,129,129,128,129,139,171,213,213,217,232,237,243,247,239,241,245,244,246,256,256,247,244,242,241,235,233,230,215,198,190,184,173,172,167,114,128,169,166,136,133,133,133
9596382508,02105025,06/10/2009,132,132,133,131,132,131,131,131,131,132,140,167,203,209,212,225,232,237,239,234,236,239,239,241,254,253,244,248,243,239,237,234,229,220,203,194,189,177,176,165,113,108,116,112,109,145,133,131
9596382508,02105025,06/09/2009,147,146,145,143,144,143,142,141,141,141,157,179,214,225,232,248,252,258,254,250,247,248,248,250,259,259,250,248,245,240,237,237,232,225,213,203,198,186,187,180,138,170,165,155,135,134,133,133
9596382508,02105025,06/08/2009,72,73,74,73,73,73,73,74,73,75,96,164,218,225,244,293,299,299,300,293,295,293,292,293,299,295,282,279,276,273,272,245,245,242,229,215,209,188,186,186,131,117,119,113,132,161,152,148
9596382508,02105025,06/07/2009,73,73,73,73,73,73,74,74,73,76,95,97,117,118,118,117,119,117,117,117,117,117,117,118,116,116,117,117,120,119,119,119,120,120,120,121,120,120,120,119,115,111,97,93,74,74,74,73
9596382508,02105025,06/06/2009,71,72,71,71,72,72,70,71,71,72,92,93,107,107,107,118,118,119,115,112,112,114,114,116,126,126,118,120,122,120,120,120,129,130,130,130,130,121,121,120,117,114,99,93,76,75,74,73
9596382508,02105025,06/05/2009,71,71,70,70,72,71,71,72,71,73,93,152,201,197,201,217,224,229,225,221,221,223,221,220,226,225,215,216,214,211,208,201,203,192,176,167,163,151,150,106,97,96,85,84,72,72,72,71
9596382508,02105025,06/04/2009,73,72,72,72,72,72,72,72,72,74,99,128,189,222,226,227,229,235,236,226,225,215,228,229,238,235,214,224,229,201,199,200,204,193,176,170,167,154,151,120,99,99,87,84,71,70,71,70
9596382508,02105025,06/03/2009,72,70,71,71,72,71,72,71,71,73,103,159,210,217,224,239,242,244,240,235,237,240,237,239,248,244,235,233,231,230,225,224,229,215,194,185,159,111,117,116,114,111,97,90,72,72,72,71
9596382508,02105025,06/02/2009,71,71,71,72,72,70,71,70,71,73,98,160,211,190,147,222,244,243,234,231,232,233,234,233,241,241,232,232,232,230,227,224,223,218,210,207,199,154,125,131,120,111,96,91,72,72,72,72
9596382508,02105025,06/01/2009,91,93,93,92,92,92,93,93,92,94,130,164,186,186,191,205,211,217,218,215,215,213,211,213,220,218,212,210,208,209,207,204,203,195,185,173,148,105,108,109,108,106,96,90,71,70,70,71
9596382508,02105025,05/31/2009,124,124,125,124,124,124,124,123,123,124,127,130,144,144,143,141,140,141,142,146,147,142,109,102,103,107,112,116,115,116,116,116,115,115,116,117,116,116,117,115,112,111,112,108,93,93,93,92
9596382508,02105025,05/30/2009,93,93,93,93,93,93,93,92,93,94,97,98,114,115,116,123,122,124,118,114,153,181,181,176,174,171,162,162,159,159,159,157,164,163,164,164,163,155,155,151,144,142,143,139,128,127,126,126
9596382508,02105025,05/29/2009,72,72,73,73,73,73,72,73,73,75,96,158,216,222,232,246,251,251,247,245,240,243,280,289,291,286,275,275,275,267,238,216,217,211,197,189,184,168,166,160,114,110,113,107,94,93,93,93
9596382508,02105025,05/28/2009,71,71,72,72,70,71,71,72,70,72,95,157,215,221,230,245,250,254,256,250,249,249,248,249,256,254,246,249,246,244,242,233,237,224,207,198,191,185,168,119,116,112,99,92,73,74,73,73
9596382508,02105025,05/27/2009,72,72,72,71,72,73,72,72,72,75,100,153,204,208,215,224,230,239,239,237,237,239,239,242,252,250,244,241,236,234,202,215,225,216,192,179,170,144,111,117,115,111,96,90,72,72,72,71
9596382508,02105025,05/26/2009,94,93,95,95,95,95,95,94,95,95,134,187,208,218,227,239,245,253,250,244,245,245,238,240,248,247,237,210,233,231,227,222,219,207,191,180,172,164,162,158,118,109,97,91,72,72,73,73
9596382508,02105025,05/25/2009,72,73,73,74,74,74,73,73,73,76,92,97,117,117,118,172,192,193,188,183,185,186,185,185,195,195,186,185,185,185,185,186,196,195,196,195,195,184,185,184,128,115,115,110,96,95,95,94
9596382508,02105025,05/24/2009,73,74,74,73,73,74,73,73,73,76,93,97,118,117,117,116,117,116,116,116,120,119,119,118,119,120,120,120,122,122,121,120,121,120,120,120,121,120,119,119,117,113,99,92,73,74,73,73
9596382508,02105025,05/23/2009,76,76,75,75,75,74,75,74,74,76,94,98,119,117,119,129,128,129,122,119,117,118,119,120,128,128,120,120,120,119,120,120,129,129,130,130,129,122,121,119,116,114,100,94,75,74,73,74
9596382508,02105025,05/22/2009,75,74,74,74,74,74,74,74,74,75,95,107,151,158,200,245,249,252,249,241,239,237,236,235,241,239,231,227,224,221,218,215,210,199,182,177,156,115,120,119,115,114,100,94,77,76,76,77
9596382508,02105025,05/21/2009,76,76,76,76,76,76,76,76,76,77,110,131,148,153,161,174,206,225,228,220,222,226,220,221,227,226,219,217,218,217,213,206,210,197,177,149,120,119,123,121,119,113,99,92,75,75,74,74
9596382508,02105025,05/20/2009,75,74,73,74,74,74,74,74,73,76,106,126,143,151,158,172,202,223,220,215,215,220,216,217,222,219,211,210,209,206,204,199,197,188,172,165,161,151,149,146,110,102,94,90,76,76,76,76
9596382508,02105025,05/19/2009,74,74,73,73,73,73,74,74,73,75,102,132,153,161,168,184,193,198,221,230,225,225,226,226,229,228,220,218,216,212,202,197,196,185,166,161,157,147,145,113,105,105,95,89,76,75,74,74
9596382508,02105025,05/18/2009,72,73,72,72,72,72,72,72,72,74,99,146,185,187,174,171,181,190,188,183,184,185,183,183,191,191,181,180,179,175,171,165,167,155,140,133,131,121,123,122,119,115,102,95,76,75,74,73
9596382508,02105025,05/17/2009,73,73,73,74,73,73,73,73,73,75,94,99,118,118,118,117,117,117,118,118,118,117,118,118,119,119,120,120,120,121,120,120,121,121,121,120,121,122,121,119,118,114,100,92,73,73,73,72
9596382508,02105025,05/16/2009,73,73,73,72,73,72,73,73,73,75,94,98,117,116,117,126,126,127,120,117,116,116,117,118,127,126,117,117,116,116,117,118,128,128,128,128,126,119,117,117,114,111,98,90,73,74,74,73
9596382508,02105025,05/15/2009,74,74,75,75,75,75,75,74,74,77,105,128,183,216,217,228,234,238,235,231,231,231,233,233,241,239,228,228,228,224,215,210,209,197,182,173,171,161,161,157,111,103,97,92,74,73,73,73
9596382508,02105025,05/14/2009,74,75,74,74,74,73,74,73,73,76,106,122,144,151,154,171,199,230,228,214,215,221,219,218,226,221,212,213,212,211,210,205,206,198,181,176,171,159,158,156,115,107,101,95,75,76,75,74
9596382508,02105025,05/13/2009,74,73,73,73,73,73,74,73,73,75,131,129,160,165,168,196,200,208,208,205,204,206,205,207,216,216,207,207,206,204,201,199,201,190,176,164,158,146,145,143,109,100,93,88,74,75,75,75
9596382508,02105025,05/12/2009,73,72,72,72,72,72,72,72,73,74,106,121,143,150,156,204,213,215,215,212,210,211,212,215,222,221,214,210,210,210,206,201,198,190,175,167,163,151,150,148,111,103,95,88,74,73,73,74
9596382508,02105025,05/11/2009,73,73,72,73,72,73,72,72,72,73,93,117,194,204,213,222,226,228,222,217,218,215,217,215,227,227,213,213,211,209,202,201,202,194,154,141,139,121,121,119,116,114,98,88,72,72,73,72
9596382508,02105025,05/10/2009,73,74,73,73,73,73,73,72,73,75,94,100,118,118,117,116,116,116,116,116,116,116,117,116,117,116,117,116,116,117,116,116,117,116,116,117,116,117,117,116,113,110,97,89,73,73,73,73
9596382508,02105025,05/09/2009,74,75,74,74,74,74,74,74,73,76,94,99,118,117,117,127,126,127,122,117,116,116,116,116,126,125,116,117,116,116,116,118,126,125,126,126,126,117,118,116,114,110,98,88,74,74,74,73
9596382508,02105025,05/08/2009,75,74,75,75,75,75,75,74,74,77,107,131,171,200,203,217,227,234,235,231,234,232,227,225,233,233,223,217,216,211,208,167,156,148,135,130,129,119,117,116,114,111,98,89,75,74,74,74
9596382508,02105025,05/07/2009,74,73,74,74,73,73,74,73,72,75,94,104,186,217,222,239,242,247,251,242,240,238,237,238,246,244,234,230,225,221,215,175,162,156,141,136,134,122,120,119,116,113,99,91,75,75,75,75
9596382508,02105025,05/06/2009,75,74,74,74,75,74,74,75,74,76,105,129,143,149,156,175,184,188,187,200,228,224,220,218,229,227,218,214,214,210,201,161,164,156,140,130,127,115,113,111,108,104,94,87,75,73,73,74
9596382508,02105025,05/05/2009,74,74,74,74,74,74,73,74,74,76,105,120,135,140,151,169,180,189,183,176,175,174,174,176,185,184,176,174,174,171,169,168,162,154,136,130,125,115,114,113,107,105,93,87,76,75,75,75
9596382508,02105025,05/04/2009,92,93,92,92,92,91,91,92,91,92,110,127,139,147,157,173,183,189,184,177,180,178,194,221,225,225,215,213,211,211,209,185,171,160,151,146,139,118,115,112,109,104,93,85,74,75,74,74
9596382508,02105025,05/03/2009,93,91,91,92,91,92,92,92,93,93,96,100,114,115,115,114,113,113,113,113,113,114,114,114,117,117,116,114,114,113,112,112,112,111,113,113,113,114,114,112,109,109,108,102,92,92,92,92
9596382508,02105025,05/02/2009,94,94,93,94,93,93,94,94,93,94,96,100,113,114,114,124,124,123,118,114,114,115,115,115,125,125,114,113,117,117,117,118,127,126,127,126,127,119,117,118,116,115,117,109,94,96,93,92
9596382508,02105025,05/01/2009,92,92,92,93,92,93,91,92,92,92,108,125,140,152,157,173,178,203,237,234,233,234,231,229,237,235,224,227,222,218,216,215,204,194,177,174,169,157,109,109,110,112,112,106,93,94,94,93
9596382508,02105025,04/30/2009,93,92,92,93,93,93,92,93,92,92,102,127,138,151,158,171,178,181,184,172,172,171,171,173,182,181,169,169,167,177,170,158,164,157,145,135,131,114,113,110,108,108,107,101,93,94,92,92
9596382508,02105025,04/29/2009,128,129,128,128,128,127,127,126,127,126,141,164,183,191,200,211,174,188,192,185,185,186,184,185,193,192,183,183,179,177,173,169,170,151,136,126,120,110,109,107,105,104,104,100,94,94,93,93
9596382508,02105025,04/28/2009,125,125,124,126,124,124,125,124,125,124,135,163,188,194,197,210,218,226,224,220,217,217,218,220,225,224,216,215,213,209,205,199,204,196,178,171,167,156,154,151,146,145,145,141,127,129,128,129
9596382508,02105025,04/27/2009,123,122,123,123,123,123,123,122,122,122,130,163,184,190,194,208,215,221,221,217,215,219,219,222,231,231,224,223,220,221,219,217,210,201,181,173,169,159,157,153,148,149,147,141,128,127,128,126
9596382508,02105025,04/26/2009,123,124,123,124,123,124,123,124,123,125,126,132,149,146,142,143,141,142,142,142,143,144,144,144,144,144,146,146,146,147,146,147,147,147,147,150,149,147,147,146,141,141,141,136,123,123,124,124
9596382508,02105025,04/25/2009,73,86,125,126,124,123,123,124,122,122,125,130,140,139,139,149,151,152,147,143,145,142,144,146,154,153,146,146,146,146,145,149,155,157,158,158,157,148,149,145,142,140,143,137,125,125,125,125
9596382508,02105025,04/24/2009,74,73,73,74,75,73,73,73,73,75,105,126,142,154,190,204,207,193,210,196,174,184,215,218,220,221,211,210,207,206,205,203,197,188,174,168,164,153,150,148,142,140,126,117,79,84,84,74
9596382508,02105025,04/23/2009,74,72,72,73,72,73,73,73,72,74,104,123,139,146,154,170,176,180,182,174,174,177,175,177,181,180,173,172,172,168,166,162,166,154,138,134,130,121,121,120,116,111,96,88,74,75,74,74
9596382508,02105025,04/22/2009,73,73,73,73,72,73,72,73,73,74,94,101,146,161,168,183,187,195,191,186,186,185,184,182,188,188,176,180,175,173,170,164,163,154,136,127,122,111,109,106,103,100,90,85,75,75,75,76
9596382508,02105025,04/21/2009,78,77,77,78,77,77,77,77,77,79,104,140,160,168,175,186,186,193,190,185,181,183,181,182,191,190,180,181,177,177,175,165,164,153,139,134,130,121,120,120,116,113,99,89,74,73,74,73
9596382508,02105025,04/20/2009,76,76,76,76,76,76,76,76,76,78,104,149,142,149,156,170,180,189,187,184,182,181,180,179,190,190,183,185,183,182,179,174,176,166,147,140,138,126,126,125,122,118,104,92,77,77,78,76
9596382508,02105025,04/19/2009,75,76,76,76,76,76,76,75,76,77,95,103,117,115,114,113,111,112,113,113,113,113,117,119,120,119,119,119,119,119,120,120,121,121,122,123,122,124,121,118,115,111,97,89,78,76,76,76
9596382508,02105025,04/18/2009,73,72,73,72,71,72,70,71,70,73,89,93,100,99,99,108,109,114,123,107,110,112,111,114,127,130,132,136,128,129,129,129,133,130,130,130,130,121,122,120,118,114,102,91,77,78,77,75
9596382508,02105025,04/17/2009,79,79,79,79,78,78,77,78,77,80,106,133,153,155,165,178,181,182,182,179,180,202,226,193,219,231,215,213,208,206,200,196,191,185,170,164,157,147,145,142,137,136,123,113,79,88,73,74
9596382508,02105025,04/16/2009,77,77,78,77,78,77,77,77,77,79,104,127,141,148,157,174,180,184,187,180,179,180,178,179,185,187,179,182,181,180,176,172,170,168,156,154,152,140,141,134,129,116,100,91,79,79,79,80
9596382508,02105025,04/15/2009,79,79,78,79,78,79,78,79,77,80,102,129,143,151,161,177,181,184,180,174,172,177,173,173,181,180,172,171,167,165,161,157,158,150,134,128,124,110,110,107,107,102,94,87,77,79,78,77
9596382508,02105025,04/14/2009,77,77,77,77,77,77,77,77,77,79,99,128,147,155,164,177,184,187,181,178,180,177,179,179,188,185,174,171,169,166,164,164,161,153,134,127,124,112,110,109,107,104,95,87,79,79,79,79
9596382508,02105025,04/13/2009,75,75,75,75,75,75,75,75,75,76,99,130,147,153,164,178,185,191,188,183,183,183,183,182,187,183,174,174,174,174,174,175,176,163,147,131,125,115,112,110,108,106,94,87,77,77,77,78
9596382508,02105025,04/12/2009,75,75,75,75,75,75,75,75,75,77,95,101,113,113,111,109,109,109,109,108,109,109,109,108,109,110,110,110,109,111,111,113,112,113,113,113,112,112,109,107,105,102,93,85,75,77,76,76
9596382508,02105025,04/11/2009,76,77,76,75,76,76,76,76,76,78,96,105,119,120,122,133,133,131,127,121,121,120,121,121,130,128,119,119,119,118,116,117,126,126,126,126,126,118,116,115,110,108,95,86,76,75,75,76
9596382508,02105025,04/10/2009,79,79,80,80,80,80,79,78,79,80,100,129,147,156,160,177,183,183,179,176,183,178,178,181,190,188,178,175,171,168,163,158,160,154,147,139,134,124,123,121,118,116,101,90,78,78,78,76
9596382508,02105025,04/09/2009,79,78,79,79,79,79,80,79,78,79,98,125,143,153,160,175,178,187,190,182,182,184,185,187,197,194,185,183,177,174,174,164,168,160,145,139,136,127,125,124,123,119,104,93,79,80,80,79
9596382508,02105025,04/08/2009,79,80,79,79,79,78,82,80,78,80,105,130,144,155,163,180,184,186,186,183,180,182,180,180,187,182,173,173,168,166,166,160,154,146,133,124,120,109,108,107,106,103,94,87,78,79,79,79
9596382508,02105025,04/07/2009,77,77,77,77,77,77,76,76,77,77,100,130,147,158,169,181,187,192,191,187,185,184,180,183,189,189,181,178,175,172,163,162,161,153,134,126,122,112,109,108,107,104,95,89,80,80,79,79
9596382508,02105025,04/06/2009,75,75,74,75,75,75,75,75,74,76,99,128,147,161,168,183,189,191,188,183,184,190,184,187,195,193,184,184,177,174,173,171,173,160,152,147,135,123,119,117,112,109,96,87,76,77,78,77
9596382508,02105025,04/05/2009,77,76,76,75,74,74,74,75,74,76,95,100,107,107,105,105,103,105,103,104,105,107,107,108,109,110,110,113,116,116,116,116,117,117,118,118,118,120,118,117,114,113,99,87,75,74,75,75
9596382508,02105025,04/04/2009,77,77,76,75,75,75,74,74,74,75,95,102,114,111,109,107,108,117,114,115,109,106,106,106,107,110,121,120,113,115,116,116,117,118,127,128,128,127,127,116,114,109,97,87,78,78,78,77
9596382508,02105025,04/03/2009,77,77,77,76,77,76,77,76,76,78,100,134,153,160,164,171,180,194,194,194,189,189,181,179,179,180,187,184,172,169,165,162,154,149,153,145,136,132,130,121,119,116,103,91,77,76,76,76
9596382508,02105025,04/02/2009,78,77,77,78,77,78,77,77,78,79,99,130,151,155,161,168,177,194,198,198,200,188,187,186,186,187,199,200,187,183,180,167,158,152,144,134,131,131,129,116,113,110,96,88,78,78,77,77
9596382508,02105025,04/01/2009,75,75,76,76,76,76,75,75,76,76,102,131,146,153,161,166,171,186,187,185,180,178,177,180,177,178,189,186,176,176,175,169,160,151,146,136,134,132,130,119,116,112,100,87,77,78,77,77
9596382508,02105025,03/31/2009,79,80,80,81,80,80,79,79,78,80,110,130,146,150,156,163,168,187,188,185,180,175,174,175,176,178,188,186,175,170,164,162,158,152,144,139,136,133,131,117,112,108,96,85,77,76,77,75
9596382508,02105025,03/30/2009,77,76,77,77,77,77,76,77,77,78,97,121,147,153,159,164,170,187,191,190,186,185,181,181,181,185,195,194,187,184,179,170,163,157,150,142,140,137,132,118,114,109,97,88,79,81,79,80
9596382508,02105025,03/29/2009,77,77,77,77,76,76,77,76,77,79,96,102,109,109,109,108,109,110,110,109,111,110,111,115,120,122,123,123,122,123,123,123,122,122,122,123,123,124,125,122,119,113,100,88,77,77,78,77
9596382508,02105025,03/28/2009,77,77,77,77,77,76,76,76,76,77,96,103,114,111,112,110,109,119,119,120,112,108,107,107,107,110,119,118,109,108,109,108,111,111,121,122,121,120,119,109,107,104,95,86,77,75,77,77
9596382508,02105025,03/27/2009,78,78,77,78,77,77,77,76,77,79,101,133,146,151,157,165,171,188,193,194,189,188,188,190,193,190,199,196,186,182,180,173,165,156,145,141,140,136,132,119,117,112,99,89,77,77,77,77
9596382508,02105025,03/26/2009,79,78,79,78,79,78,79,78,77,80,96,126,138,149,160,165,173,188,195,194,194,183,184,182,183,182,193,190,177,175,172,162,153,142,137,131,125,123,121,109,109,104,96,86,78,78,78,78
9596382508,02105025,03/25/2009,78,80,77,80,77,78,79,77,80,79,102,133,146,151,158,166,177,192,194,193,186,183,179,175,175,174,184,184,173,168,168,162,158,147,136,124,121,120,117,106,104,102,92,86,79,79,79,79
9596382508,02105025,03/24/2009,82,81,83,81,83,80,83,80,80,85,98,133,149,152,161,164,169,188,193,193,185,180,179,180,181,181,190,188,177,174,174,172,164,153,147,139,135,127,122,113,111,102,96,90,81,79,77,77
9596382508,02105025,03/23/2009,79,79,79,80,79,79,79,79,78,80,101,134,146,153,162,170,177,190,194,193,186,180,180,181,182,180,190,187,174,168,159,161,158,156,149,140,135,127,123,113,112,107,99,89,82,81,81,82
9596382508,02105025,03/22/2009,80,79,80,79,83,79,79,82,79,81,95,99,108,107,108,107,108,107,108,106,108,108,107,108,109,109,110,111,114,115,116,118,118,119,120,120,120,121,118,117,113,110,99,89,82,82,80,79
9596382508,02105025,03/21/2009,79,79,79,82,79,79,82,79,79,80,95,100,109,110,110,109,108,118,117,118,111,107,107,106,106,106,116,113,105,105,106,107,107,106,115,114,115,115,114,104,103,101,95,86,80,80,80,79
9596382508,02105025,03/20/2009,78,77,78,78,78,78,78,77,77,79,100,131,144,155,163,169,177,190,191,189,184,181,182,184,180,178,181,178,169,166,164,160,150,139,136,125,123,119,118,106,106,103,95,87,79,79,79,79
9596382508,02105025,03/19/2009,78,78,77,77,77,78,77,77,77,79,110,140,156,163,166,171,178,193,199,203,205,193,192,192,189,187,198,192,178,176,172,160,149,142,135,129,125,119,118,107,106,104,95,86,79,78,78,79
9596382508,02105025,03/18/2009,79,78,78,78,78,78,78,78,78,80,100,137,148,157,166,171,178,195,199,198,191,192,187,190,189,187,197,197,187,184,179,173,165,159,150,141,140,139,136,126,121,115,102,88,78,79,79,78
9596382508,02105025,03/17/2009,79,79,79,79,79,78,79,78,78,79,102,137,149,155,161,168,174,189,191,190,184,185,181,183,181,180,189,186,175,170,163,154,147,138,132,125,123,122,119,109,105,104,95,86,78,79,78,78
9596382508,02105025,03/16/2009,76,77,77,77,76,77,76,77,76,77,91,122,140,146,156,162,171,186,188,187,184,174,173,173,172,172,182,178,167,167,163,162,153,143,139,133,130,121,119,107,105,105,95,86,80,79,79,79
9596382508,02105025,03/15/2009,77,80,77,76,76,76,80,76,76,77,89,96,103,104,104,103,103,104,105,104,104,104,106,107,106,106,106,106,104,104,105,105,105,104,103,105,103,104,103,104,101,101,91,84,76,77,77,78
9596382508,02105025,03/14/2009,78,80,78,81,78,77,76,76,76,81,91,99,108,107,107,106,106,117,119,117,110,106,106,107,106,106,116,115,105,105,104,103,103,103,115,114,114,114,114,102,101,102,91,83,76,76,77,77
9596382508,02105025,03/13/2009,80,80,79,77,78,77,78,77,78,82,97,131,147,153,161,164,172,189,196,194,188,184,185,182,181,176,187,186,170,167,165,154,147,137,134,130,127,124,122,110,107,107,99,86,77,77,79,77
9596382508,02105025,03/12/2009,78,78,78,78,77,78,77,78,76,80,102,133,143,148,157,165,170,186,188,187,186,185,178,178,178,179,190,188,178,176,174,171,163,146,139,129,125,121,119,108,106,105,96,86,80,79,79,80
9596382508,02105025,03/11/2009,76,76,76,76,75,76,76,75,75,76,96,128,139,147,153,159,167,183,185,184,180,176,176,173,173,175,188,189,177,174,173,167,156,148,143,135,131,129,128,117,117,111,95,82,75,78,79,78
9596382508,02105025,03/10/2009,73,72,73,73,73,72,73,72,72,73,94,130,153,157,165,171,175,191,192,189,182,181,177,171,170,173,184,182,171,164,162,155,148,137,131,124,123,121,116,103,103,100,90,82,76,75,75,76
9596382508,02105025,03/09/2009,73,73,72,73,73,73,73,73,73,74,99,140,153,160,168,174,180,195,198,195,188,185,183,182,183,183,192,191,176,174,172,169,163,153,149,138,135,126,125,117,116,112,98,83,73,73,74,73
9596382508,02105025,03/08/2009,73,73,73,73,-,-,73,73,73,75,92,103,114,116,116,116,114,114,113,114,113,114,114,115,115,115,115,114,115,116,117,116,116,116,117,116,117,119,117,117,115,111,96,82,72,73,72,73
9596382508,02105025,03/07/2009,74,74,75,74,74,74,74,76,92,98,105,103,103,101,102,112,112,112,106,103,104,107,108,109,118,120,113,114,116,116,116,118,127,128,127,127,126,116,115,113,99,84,74,74,74,74,74,73
9596382508,02105025,03/06/2009,80,80,80,79,80,79,79,80,90,96,106,136,140,146,155,173,184,189,183,179,179,179,178,179,190,187,180,180,178,177,171,165,165,156,144,134,129,114,112,108,96,85,75,75,73,74,73,74
9596382508,02105025,03/05/2009,80,83,81,85,79,78,85,79,90,98,118,133,135,147,149,166,175,188,187,176,172,171,167,170,182,184,173,175,175,170,169,161,159,145,129,123,122,110,106,102,95,86,80,80,80,79,79,80
9596382508,02105025,03/04/2009,82,89,83,84,87,83,85,86,93,104,109,138,137,139,153,167,182,189,188,178,176,178,176,178,185,184,176,175,172,170,165,159,154,144,126,122,123,106,105,101,99,87,79,83,82,80,81,82
9596382508,02105025,03/03/2009,84,83,84,84,86,80,86,82,97,98,102,124,137,144,156,172,182,196,185,180,185,179,177,181,193,189,178,174,169,172,164,156,164,150,133,128,126,112,116,104,98,93,83,82,89,82,87,84
9596382508,02105025,03/02/2009,79,80,86,78,79,82,82,83,94,101,104,110,136,147,154,167,180,180,182,177,178,176,177,172,186,177,172,168,163,161,163,159,160,158,141,139,131,119,114,105,96,93,82,81,90,83,81,88
9596382508,02105025,03/01/2009,78,79,82,77,78,77,77,85,91,99,107,107,107,112,107,106,106,106,106,106,107,105,106,106,105,106,107,106,110,108,105,106,106,106,106,107,107,108,110,103,94,85,79,82,81,78,86,78
9596382508,02105025,02/28/2009,78,78,79,79,77,78,77,79,96,106,114,112,110,111,111,120,120,121,114,109,109,111,110,111,121,119,110,109,110,110,109,109,118,117,117,118,117,107,106,103,96,84,78,78,79,79,80,82
9596382508,02105025,02/27/2009,80,79,80,79,79,79,79,80,93,103,119,140,141,152,161,174,179,184,181,176,177,175,177,179,189,187,176,175,170,170,169,167,164,156,144,139,136,123,119,116,105,87,78,78,79,79,79,79
9596382508,02105025,02/26/2009,81,79,77,78,78,77,80,85,89,98,115,139,140,147,152,173,178,187,188,179,181,181,177,179,187,188,178,175,170,161,160,156,159,150,136,127,122,112,112,110,101,88,81,80,80,79,80,81
9596382508,02105025,02/25/2009,87,83,80,79,80,83,88,81,91,99,122,151,145,153,160,179,185,192,187,181,179,183,180,180,189,187,176,177,176,171,170,167,164,153,141,130,121,110,106,102,96,84,85,81,78,77,77,84
9596382508,02105025,02/24/2009,79,84,82,77,77,78,85,82,89,95,109,137,143,146,153,169,182,186,182,176,176,175,175,173,182,182,174,172,168,164,161,156,153,149,132,124,119,111,116,106,96,87,85,88,82,80,80,80
9596382508,02105025,02/23/2009,85,80,76,76,76,75,75,83,92,93,111,128,137,141,145,163,175,184,181,176,177,179,173,172,179,179,169,170,167,163,158,156,165,146,130,124,120,106,109,113,97,87,80,82,89,79,78,78
9596382508,02105025,02/22/2009,77,77,77,77,76,77,83,83,88,95,100,102,101,101,100,101,100,102,101,102,102,103,102,102,103,103,102,103,103,104,103,102,103,103,103,104,111,106,102,100,99,85,78,79,77,77,76,77
9596382508,02105025,02/21/2009,76,78,78,86,80,76,76,77,88,94,108,100,102,111,106,113,112,114,108,104,104,105,105,106,114,113,104,103,103,102,102,103,112,111,112,115,116,112,102,100,92,89,83,79,78,79,78,78
9596382508,02105025,02/20/2009,78,79,81,88,79,78,77,80,99,99,112,144,139,143,154,170,180,194,185,180,180,187,181,181,188,185,176,170,166,161,158,155,157,143,128,123,122,109,106,104,100,94,80,80,82,86,77,77
9596382508,02105025,02/19/2009,79,79,79,79,79,79,79,80,93,105,120,141,143,148,157,174,184,188,189,178,174,179,179,180,188,186,173,173,175,171,168,164,164,153,137,127,122,109,107,104,102,88,79,79,79,84,84,78
9596382508,02105025,02/18/2009,85,82,78,78,84,85,78,80,90,107,114,141,146,152,164,180,187,202,199,185,182,183,183,182,192,197,178,177,178,177,174,170,168,158,143,136,131,118,116,112,101,87,79,80,80,79,79,78
9596382508,02105025,02/17/2009,76,77,77,84,80,76,75,77,86,96,122,150,143,147,157,173,182,189,187,182,185,182,184,184,190,189,180,179,177,170,163,154,157,148,134,127,123,112,108,105,105,90,79,79,81,86,78,79
9596382508,02105025,02/16/2009,75,76,75,75,75,82,79,77,87,97,105,105,105,109,109,119,119,120,114,110,112,111,111,113,121,120,110,108,107,108,107,105,114,114,114,115,115,105,104,101,94,82,77,86,78,76,76,76
9596382508,02105025,02/15/2009,74,75,75,75,75,74,74,76,88,98,106,105,105,112,110,105,105,107,107,107,107,106,107,107,108,106,105,105,106,105,105,105,104,104,105,106,108,105,104,102,94,82,77,76,76,76,75,76
9596382508,02105025,02/14/2009,76,76,75,76,75,76,75,77,92,101,109,109,108,108,110,119,118,118,112,110,109,109,108,110,119,117,108,106,107,107,107,108,116,116,116,116,116,107,105,103,96,83,77,76,77,76,75,75
9596382508,02105025,02/13/2009,80,79,79,79,79,79,78,80,94,104,119,142,143,151,161,173,182,186,184,180,179,180,181,178,185,184,172,172,171,166,165,159,153,145,130,123,122,112,107,103,95,83,77,76,76,76,76,76
9596382508,02105025,02/12/2009,78,79,78,79,78,78,79,79,98,110,126,156,159,165,172,188,194,200,201,191,191,191,191,190,196,196,187,188,188,187,179,177,182,171,154,140,131,117,115,110,100,86,80,79,80,79,79,79
9596382508,02105025,02/11/2009,77,78,78,77,78,77,77,79,94,107,130,152,154,160,167,182,189,189,192,190,189,190,191,190,200,198,189,187,183,183,182,174,176,165,155,148,136,123,120,116,103,86,79,79,79,79,79,79
9596382508,02105025,02/10/2009,79,79,79,79,79,79,77,80,94,102,120,143,144,154,165,185,189,195,190,184,183,186,184,183,191,190,182,181,181,178,178,175,172,165,153,146,137,124,119,116,104,85,78,78,78,78,77,77
9596382508,02105025,02/09/2009,75,75,75,75,75,75,75,76,91,103,118,144,146,154,164,182,189,195,195,188,191,188,187,191,198,194,186,185,185,179,178,176,181,173,160,140,136,119,114,109,98,86,81,81,80,79,80,79
9596382508,02105025,02/08/2009,79,79,76,76,77,76,77,77,90,99,104,104,103,103,104,103,103,104,104,104,104,107,109,113,114,116,117,118,119,119,117,117,116,116,116,117,118,116,113,111,101,83,77,76,76,77,77,77
9596382508,02105025,02/07/2009,79,79,78,79,78,84,85,78,90,96,103,103,104,103,108,124,116,117,109,105,104,104,104,104,115,113,103,105,104,105,106,107,117,117,118,118,118,107,105,103,95,83,78,79,79,79,78,78
9596382508,02105025,02/06/2009,80,82,90,83,80,86,87,80,91,98,116,135,139,154,156,173,176,180,177,173,178,185,176,174,181,180,171,168,167,161,157,154,153,142,132,124,121,110,108,112,100,86,80,79,78,78,82,87
9596382508,02105025,02/05/2009,81,87,86,82,81,90,89,83,92,106,116,139,139,145,158,179,179,181,186,177,176,188,179,178,186,186,176,175,178,176,166,156,160,150,136,137,131,109,112,115,106,87,82,82,86,89,82,81
9596382508,02105025,02/04/2009,80,83,89,79,79,80,79,81,99,100,114,137,140,151,156,175,188,198,184,176,176,174,174,174,184,182,175,171,168,166,164,158,160,152,144,135,122,111,109,106,98,87,92,87,81,81,89,81
9596382508,02105025,02/03/2009,77,77,76,77,77,76,76,82,96,106,140,142,146,154,158,178,185,189,186,183,186,186,185,185,194,191,182,182,179,179,177,167,162,152,140,131,128,114,110,106,98,88,89,83,81,80,81,81
9596382508,02105025,02/02/2009,78,79,76,77,75,76,76,77,87,97,109,137,141,149,155,173,182,186,184,178,182,182,182,187,195,194,185,186,183,180,175,173,169,161,152,147,143,120,115,111,100,84,79,80,79,77,77,78
9596382508,02105025,02/01/2009,84,85,78,77,78,78,80,87,89,95,101,101,100,102,101,101,101,102,102,102,102,103,102,102,104,104,104,104,106,107,107,109,108,107,107,107,108,107,106,105,96,86,80,79,79,80,80,79
9596382508,02105025,01/31/2009,80,81,88,82,77,78,76,78,88,96,103,110,112,103,105,113,113,113,107,104,107,106,107,108,123,124,107,108,107,107,108,107,124,117,119,120,117,105,104,103,98,91,80,80,79,86,80,79
9596382508,02105025,01/30/2009,83,82,81,81,82,90,86,82,93,103,112,143,148,152,160,184,192,190,185,180,183,184,183,183,192,190,180,178,172,170,163,153,153,142,133,127,123,111,108,106,97,92,89,84,81,79,80,82
9596382508,02105025,01/29/2009,80,80,80,81,85,86,79,79,90,100,126,140,134,137,144,163,171,180,184,175,174,174,177,177,189,185,176,176,173,182,177,168,168,155,145,141,136,129,131,119,103,88,82,82,91,87,80,82
9596382508,02105025,01/28/2009,77,79,85,77,76,77,76,78,94,104,106,137,148,153,150,163,156,147,138,131,137,136,137,141,149,143,131,130,129,131,136,134,136,133,127,123,123,111,109,105,98,87,82,83,82,82,82,80
9596382508,02105025,01/27/2009,79,85,82,79,78,78,76,84,88,96,103,130,141,157,156,172,186,194,183,178,178,185,179,177,194,189,175,175,168,166,162,150,156,150,128,129,123,107,112,107,95,83,79,80,88,80,77,77
9596382508,02105025,01/26/2009,84,78,79,76,76,80,84,78,88,96,108,138,140,147,157,185,187,190,185,180,188,187,180,179,189,190,180,177,176,177,176,170,172,159,148,137,130,109,114,109,94,82,79,78,80,87,78,78
9596382508,02105025,01/25/2009,89,87,81,80,85,77,82,83,89,96,106,109,102,102,102,110,104,102,102,103,103,109,110,113,110,107,108,109,108,107,110,111,107,109,110,109,111,109,107,105,96,84,86,87,82,82,80,89
9596382508,02105025,01/24/2009,77,77,77,77,77,77,76,78,89,99,104,106,105,104,106,116,116,117,110,104,104,104,105,105,116,117,108,108,108,109,108,109,117,117,120,127,122,108,106,104,97,92,85,81,82,81,81,82
9596382508,02105025,01/23/2009,88,83,80,79,79,78,83,86,89,99,107,139,144,153,162,183,184,190,187,180,180,183,183,184,193,193,184,181,178,177,176,171,170,158,140,131,127,112,110,107,97,84,79,79,79,78,77,76
9596382508,02105025,01/22/2009,80,84,89,83,78,79,77,80,92,97,112,129,136,149,162,170,180,187,188,178,177,179,181,181,194,190,180,178,173,175,165,155,159,148,132,126,124,110,107,104,105,94,85,82,82,81,80,80
9596382508,02105025,01/21/2009,82,87,81,81,80,80,85,90,94,100,109,145,145,147,154,173,187,185,183,178,178,177,180,181,189,187,175,175,175,172,171,167,166,156,156,150,139,114,112,107,102,87,82,85,92,85,81,79
9596382508,02105025,01/20/2009,91,82,81,81,80,82,88,87,91,100,106,131,136,129,130,151,146,144,139,133,134,134,132,131,143,142,133,134,141,136,127,127,126,124,126,126,120,109,106,103,100,91,81,81,84,90,81,81
9596382508,02105025,01/19/2009,79,79,77,80,86,80,77,78,87,95,100,106,107,101,104,114,114,114,108,104,104,104,107,107,118,119,108,106,105,104,103,103,119,124,119,115,116,104,102,102,100,82,80,84,81,81,83,86
9596382508,02105025,01/18/2009,80,78,79,88,81,78,77,78,87,99,109,102,100,99,99,100,100,109,100,100,101,100,100,107,102,102,101,103,103,103,103,103,104,103,112,107,104,103,102,101,101,90,80,81,81,81,86,86
9596382508,02105025,01/17/2009,83,89,80,85,85,84,86,79,94,97,108,101,100,102,110,116,111,115,113,102,106,109,103,103,121,113,106,113,111,109,108,115,117,119,121,119,116,110,107,102,104,86,86,83,90,81,90,82
9596382508,02105025,01/16/2009,89,82,80,83,83,79,78,83,96,104,98,100,101,108,117,130,132,142,126,121,126,127,126,129,140,150,139,128,128,128,134,137,141,136,127,127,118,107,110,100,93,90,87,82,87,80,86,83
9596382508,02105025,01/15/2009,85,84,83,81,85,89,82,80,90,100,115,137,138,144,150,174,182,193,196,181,183,189,180,176,188,188,177,173,171,177,174,168,172,159,139,138,129,110,108,106,105,90,80,79,79,85,86,80
9596382508,02105025,01/14/2009,78,79,79,79,79,84,87,85,90,101,107,138,148,160,161,175,184,186,184,182,191,188,184,182,196,196,183,182,178,176,182,175,169,168,154,144,130,118,112,110,100,86,91,85,83,83,83,83
9596382508,02105025,01/13/2009,79,81,83,78,79,78,77,78,89,105,116,136,139,146,160,170,180,183,179,176,183,177,176,176,187,184,174,172,167,165,161,155,161,147,129,124,122,109,107,106,105,87,79,80,79,79,80,79
9596382508,02105025,01/12/2009,78,77,86,85,76,76,76,78,86,97,103,127,138,150,154,174,187,191,186,182,185,185,183,180,190,188,180,177,174,170,165,161,161,151,133,127,126,112,115,110,99,86,82,81,80,87,89,81
9596382508,02105025,01/11/2009,77,85,77,77,76,76,76,77,87,98,101,102,101,100,100,100,101,102,103,102,102,103,105,104,105,103,104,103,103,103,103,103,106,104,105,105,106,112,104,100,93,81,79,79,87,87,79,77
9596382508,02105025,01/10/2009,78,76,77,77,77,77,76,81,98,101,104,104,103,104,113,115,113,114,107,103,102,102,103,104,114,113,104,103,103,103,103,109,121,113,113,113,113,101,101,99,90,80,77,77,78,84,78,76
9596382508,02105025,01/09/2009,79,79,88,83,85,81,79,79,91,102,117,137,143,155,165,174,181,187,184,178,180,184,177,181,191,188,178,177,174,173,170,168,165,154,145,136,133,119,116,113,102,97,92,88,80,78,77,86
9596382508,02105025,01/08/2009,90,81,81,81,80,79,79,80,93,105,112,141,144,154,161,170,180,186,189,180,181,185,182,182,191,190,180,180,177,172,168,164,164,152,141,137,128,110,108,105,100,90,80,80,79,79,79,79
9596382508,02105025,01/07/2009,80,80,82,90,82,81,80,82,93,104,119,138,140,156,163,173,181,187,185,180,178,182,184,180,189,188,176,175,177,175,168,168,169,158,147,140,127,111,111,108,99,83,82,82,81,81,82,90
9596382508,02105025,01/06/2009,79,80,79,79,79,79,79,80,91,102,111,141,150,153,157,174,181,185,184,177,183,191,181,181,193,192,189,181,178,177,173,173,172,166,158,130,123,110,108,106,97,84,90,87,82,82,82,80
9596382508,02105025,01/05/2009,77,77,77,77,77,76,77,77,87,97,100,102,117,147,155,171,178,184,183,179,182,181,178,180,188,188,178,177,176,175,174,174,175,166,151,133,122,110,109,107,96,83,80,81,80,80,80,80
9596382508,02105025,01/04/2009,87,84,77,77,76,76,76,83,93,96,100,101,102,101,104,109,100,102,101,102,102,101,102,101,102,103,102,103,102,102,102,100,101,100,101,102,101,100,99,98,90,80,77,77,78,78,77,77
9596382508,02105025,01/03/2009,78,78,77,77,76,76,77,78,87,96,100,101,102,100,103,120,114,112,106,103,101,101,102,102,112,111,101,101,100,102,102,103,111,110,111,112,111,100,99,97,90,80,78,76,77,78,76,82
9596382508,02105025,01/02/2009,75,75,80,79,76,79,81,76,85,98,103,107,129,131,135,150,153,154,154,156,151,149,149,148,158,156,147,146,146,145,143,143,137,127,120,116,115,102,100,97,94,87,82,77,79,78,79,78
9596382508,02105025,01/01/2009,76,76,79,81,76,76,75,76,87,99,110,108,100,100,100,107,99,100,99,100,101,100,100,100,100,100,99,100,105,109,100,100,99,100,102,102,100,99,97,103,99,78,76,80,79,75,83,74
9596382508,02105025,12/31/2008,75,75,75,75,76,76,75,77,92,106,112,120,123,128,138,154,154,151,144,142,141,141,145,144,152,150,138,135,132,131,130,129,137,142,134,121,124,109,104,107,92,77,76,76,75,84,81,76
9596382508,02105025,12/30/2008,76,76,76,75,75,75,75,77,92,107,114,139,142,149,156,172,179,188,186,179,177,178,180,178,187,188,177,176,171,171,166,163,161,156,142,134,132,119,116,112,99,82,78,77,76,76,76,76
9596382508,02105025,12/29/2008,73,73,73,73,73,73,73,74,90,103,107,133,146,155,162,179,184,187,186,183,182,187,183,181,190,188,177,177,177,177,175,173,165,153,141,134,131,116,111,108,96,78,75,76,76,77,77,76
9596382508,02105025,12/28/2008,73,74,73,73,73,73,72,74,86,99,103,103,103,103,103,103,103,103,103,104,104,105,105,105,106,106,106,107,108,108,110,109,110,114,116,116,116,115,112,107,95,75,73,72,74,73,73,73
9596382508,02105025,12/27/2008,74,73,73,74,72,72,73,74,83,94,99,100,99,100,100,110,110,110,104,99,99,99,99,100,111,110,100,101,103,103,103,104,114,114,115,115,114,103,101,99,89,75,73,73,73,73,73,73
9596382508,02105025,12/26/2008,77,81,86,77,78,77,77,82,95,99,103,102,106,112,116,128,136,139,129,121,120,119,119,119,129,130,117,117,118,117,117,113,121,121,116,112,112,99,97,96,89,76,74,74,75,77,83,74
9596382508,02105025,12/25/2008,78,78,77,78,77,78,78,78,88,99,102,102,102,102,103,103,102,102,102,102,102,103,103,102,103,104,104,104,104,104,104,104,103,104,104,104,104,102,101,99,92,79,77,77,77,79,77,77
9596382508,02105025,12/24/2008,79,79,84,87,79,78,79,79,87,98,102,102,102,103,105,116,114,116,110,103,106,111,104,103,115,114,102,103,103,103,104,103,114,114,114,115,114,103,102,99,92,80,77,78,78,79,78,77
9596382508,02105025,12/23/2008,83,90,88,83,82,88,90,88,90,102,108,137,150,155,158,174,180,181,176,171,178,173,172,171,184,180,165,164,163,170,160,151,155,137,128,129,127,106,104,100,95,81,87,82,79,80,79,79
9596382508,02105025,12/22/2008,89,89,83,81,81,90,82,82,90,106,116,136,136,146,160,170,178,185,181,177,189,181,180,178,196,188,174,174,171,168,166,159,170,157,134,127,122,109,114,115,102,84,85,93,84,88,90,83
9596382508,02105025,12/21/2008,82,81,90,85,80,80,79,85,97,103,106,107,113,105,105,106,106,108,107,107,107,107,107,107,107,107,107,108,108,106,107,105,106,106,107,107,107,106,105,104,96,84,82,90,91,85,80,85
9596382508,02105025,12/20/2008,82,81,81,81,81,80,79,81,92,110,112,111,110,112,113,123,124,124,116,112,112,111,110,111,120,120,109,109,109,108,114,118,119,118,119,119,118,107,112,109,96,83,81,86,90,82,81,81
9596382508,02105025,12/19/2008,82,82,82,82,81,81,80,82,94,114,115,134,151,157,161,179,190,192,185,181,182,180,176,178,188,187,174,175,173,163,161,161,156,146,135,131,126,113,111,109,100,83,82,81,82,82,81,81
9596382508,02105025,12/18/2008,84,83,83,82,80,80,80,82,95,112,115,143,151,155,160,179,187,191,194,185,185,188,185,186,195,192,182,180,179,180,177,173,177,167,157,150,141,127,120,112,101,84,83,83,82,83,81,81
9596382508,02105025,12/17/2008,81,80,80,80,80,80,79,80,99,109,112,116,145,155,162,180,187,192,191,185,184,190,186,188,198,195,184,184,183,181,180,176,178,166,153,145,139,119,114,110,102,84,84,83,83,84,83,83
9596382508,02105025,12/16/2008,83,82,83,82,82,82,83,83,101,118,124,124,145,160,169,189,195,198,196,193,193,194,193,195,203,200,188,184,179,175,170,168,167,160,146,142,130,116,111,109,99,82,80,81,88,80,80,80
9596382508,02105025,12/15/2008,81,80,80,80,80,80,79,81,90,103,106,128,143,150,157,176,183,187,187,183,187,187,185,185,198,202,192,191,187,185,185,184,193,187,168,156,150,132,128,125,112,86,86,85,84,83,83,83
9596382508,02105025,12/14/2008,88,87,82,81,82,80,80,89,95,103,106,106,106,106,106,111,110,106,105,106,106,106,106,106,105,106,107,105,106,107,106,105,105,107,108,108,107,107,106,104,98,82,80,81,81,81,81,81
9596382508,02105025,12/13/2008,86,80,81,80,80,80,79,79,91,104,106,105,105,107,114,125,118,120,113,107,109,109,109,111,120,120,107,107,106,107,107,109,119,118,118,118,126,110,106,104,102,82,81,88,82,82,82,81
9596382508,02105025,12/12/2008,80,80,80,80,79,80,78,80,92,109,130,146,147,152,161,180,190,193,189,184,185,184,182,180,192,189,178,178,174,174,171,167,171,154,143,128,124,112,107,106,96,81,80,80,80,80,88,89
9596382508,02105025,12/11/2008,80,80,80,80,80,80,80,81,97,117,124,147,150,156,160,174,183,193,198,186,185,184,183,185,196,193,183,181,178,173,172,167,170,156,140,134,131,118,114,108,99,81,81,80,80,79,79,79
9596382508,02105025,12/10/2008,82,82,82,82,82,82,82,83,95,110,116,149,156,165,173,189,194,198,198,194,194,195,238,247,251,244,231,228,224,221,219,199,171,168,159,149,140,126,124,120,107,81,81,80,81,80,81,80
9596382508,02105025,12/09/2008,83,83,84,83,84,83,82,83,99,107,112,136,140,145,153,171,185,191,185,179,178,179,176,176,189,188,178,178,178,173,172,169,166,160,151,144,131,118,112,109,100,85,84,85,83,83,83,83
9596382508,02105025,12/08/2008,80,87,84,79,83,85,79,80,87,104,108,124,140,147,156,174,191,188,188,186,194,188,185,184,195,198,190,185,181,178,175,174,176,163,154,152,143,127,129,123,101,86,86,93,87,86,86,90
9596382508,02105025,12/07/2008,80,80,80,86,85,80,78,79,90,100,108,107,103,102,103,103,103,105,103,104,104,113,106,104,104,104,104,104,105,111,109,104,105,104,109,112,106,106,104,102,96,89,84,81,82,88,80,81
9596382508,02105025,12/06/2008,89,85,80,80,80,80,79,85,97,105,109,116,107,106,106,118,118,119,112,111,111,108,107,108,119,121,112,108,107,106,107,113,118,118,118,119,121,110,105,107,97,81,80,82,80,80,87,83
9596382508,02105025,12/05/2008,80,80,80,80,80,80,79,81,92,109,126,139,141,151,161,180,184,185,181,175,176,177,176,176,187,186,175,174,173,172,168,162,157,148,135,129,126,114,111,108,103,92,83,82,81,80,81,80
9596382508,02105025,12/04/2008,79,78,78,79,87,81,77,78,90,104,107,133,145,153,160,178,185,189,193,185,182,184,185,185,199,197,185,184,185,183,184,177,171,162,146,137,131,116,113,110,100,82,82,80,81,80,80,80
