9596382508,02105025,09/01/2010,154,154,155,153,154,152,153,151,177,181,200,222,222,228,236,244,-,-,-,-,-,-,-,-,-,-,-,-,-,-,-,-,-,-,-,-,-,-,-,-,-,-,-,-,-,-,-,-
9596382508,02105025,08/31/2010,156,157,157,157,156,153,153,152,179,184,201,219,219,227,238,244,250,253,257,258,261,263,263,262,266,266,262,264,258,255,254,249,245,239,221,213,209,203,199,197,179,179,160,156,155,154,154,153
9596382508,02105025,08/30/2010,92,92,92,92,92,92,93,92,116,124,180,218,221,225,233,243,249,255,255,252,251,250,247,243,248,247,243,245,247,248,251,273,287,273,253,240,233,222,214,209,188,188,170,162,160,158,158,157
9596382508,02105025,08/29/2010,93,92,93,93,93,93,92,93,117,124,180,193,192,194,193,192,187,185,186,185,186,177,134,138,136,137,138,136,137,139,137,139,139,138,140,138,140,139,139,137,136,134,93,93,92,93,92,92
9596382508,02105025,08/28/2010,92,93,93,93,93,93,95,93,111,114,133,133,133,134,133,139,139,141,139,137,138,139,138,139,142,142,140,140,140,140,141,141,144,146,144,143,144,140,140,138,135,134,93,94,93,95,94,93
9596382508,02105025,08/27/2010,97,98,97,98,97,96,98,98,129,139,180,205,201,202,206,212,219,222,225,227,229,230,231,231,234,232,227,225,223,220,220,217,212,201,182,178,173,166,163,161,147,119,94,93,94,93,95,93
9596382508,02105025,08/26/2010,91,92,92,91,92,91,91,91,91,92,97,122,174,221,227,236,237,240,246,239,239,241,239,238,241,240,237,234,232,230,226,220,209,200,191,186,182,174,174,168,161,159,106,96,99,98,98,99
9596382508,02105025,08/25/2010,133,134,133,133,132,133,133,132,153,153,159,186,193,201,209,220,205,231,234,235,239,238,235,234,239,237,234,235,232,231,228,220,215,209,196,183,174,146,95,95,92,93,93,92,91,92,92,92
9596382508,02105025,08/24/2010,139,138,139,138,137,138,137,137,162,158,164,194,197,204,209,220,227,230,230,227,227,224,222,225,228,227,223,225,223,218,216,216,208,196,180,174,170,164,161,157,152,150,136,133,134,133,132,134
9596382508,02105025,08/23/2010,135,136,136,135,136,136,136,136,136,136,143,173,203,208,216,228,234,239,239,237,237,238,238,237,239,240,235,234,235,229,218,221,216,207,194,185,182,174,173,170,163,162,142,142,141,140,139,139
9596382508,02105025,08/22/2010,139,139,139,139,140,140,139,139,140,142,153,157,176,174,173,173,172,171,173,172,173,174,175,174,176,178,178,179,178,178,174,174,175,175,173,173,172,172,171,168,160,160,159,159,157,153,134,135
9596382508,02105025,08/21/2010,143,143,144,143,142,143,143,143,142,143,151,156,175,173,172,176,174,176,173,172,172,173,173,173,179,178,173,173,174,173,174,173,177,178,178,178,178,174,171,170,161,162,163,161,162,158,137,138
9596382508,02105025,08/20/2010,140,140,140,139,139,139,139,138,138,140,146,152,178,204,221,230,235,238,241,238,241,243,243,241,243,241,237,239,236,229,224,217,211,202,192,185,183,179,177,176,174,171,170,169,167,163,140,142
9596382508,02105025,08/19/2010,133,133,132,132,132,133,133,132,132,133,140,147,176,200,215,222,228,233,237,234,234,237,237,238,242,237,234,232,232,231,227,224,222,215,202,193,191,185,184,181,170,167,167,167,167,161,139,140
9596382508,02105025,08/18/2010,142,141,140,140,141,141,140,141,141,143,164,168,199,223,235,243,231,248,250,247,246,247,247,247,250,248,245,248,248,245,224,223,221,206,195,192,181,173,170,168,160,160,158,156,155,151,132,134
9596382508,02105025,08/17/2010,157,155,104,102,103,103,102,103,103,103,135,144,212,271,272,279,273,273,274,270,268,270,268,267,272,271,267,268,265,262,254,251,252,248,224,211,203,200,198,193,173,171,170,170,171,165,140,143
9596382508,02105025,08/16/2010,97,97,97,96,98,97,97,98,97,99,127,175,246,277,279,284,283,286,286,285,285,285,285,286,293,290,288,283,285,284,277,274,274,267,252,239,236,221,220,215,176,170,172,171,173,167,157,157
9596382508,02105025,08/15/2010,98,96,97,97,96,96,97,97,96,98,127,165,177,176,176,175,173,173,174,175,175,176,136,124,124,125,126,125,126,128,128,128,127,123,121,120,122,122,121,121,117,118,118,118,118,112,98,97
9596382508,02105025,08/14/2010,151,150,149,150,150,150,150,150,151,151,153,156,163,161,161,164,164,164,161,160,162,163,163,165,168,169,166,165,167,167,166,168,160,123,126,126,127,124,124,123,123,119,114,113,114,108,98,98
9596382508,02105025,08/13/2010,155,156,155,156,156,156,156,156,155,157,163,221,233,228,231,241,243,247,248,247,248,248,247,243,245,243,235,231,227,228,227,221,213,204,189,184,181,177,176,174,154,160,158,159,158,155,150,150
9596382508,02105025,08/12/2010,145,146,145,144,144,145,145,146,146,147,183,209,238,238,186,167,172,243,295,275,268,269,268,270,276,270,265,263,262,263,271,265,256,242,222,208,205,201,199,192,167,164,164,165,166,161,156,155
9596382508,02105025,08/11/2010,146,146,146,146,144,145,143,143,143,143,169,204,231,230,237,249,239,253,256,257,260,264,266,265,269,270,264,261,261,259,252,244,242,229,214,207,204,199,200,197,175,171,171,172,170,166,144,146
9596382508,02105025,08/10/2010,145,143,143,143,142,141,140,140,140,152,210,228,233,238,247,257,264,271,274,274,276,278,279,264,272,269,268,269,264,257,257,250,250,240,231,217,205,198,197,197,173,172,171,171,171,167,145,144
9596382508,02105025,08/09/2010,168,170,171,171,170,172,171,170,169,168,175,232,259,262,269,277,283,286,290,287,288,289,289,289,291,292,276,281,278,276,276,273,272,262,246,234,221,214,211,206,176,171,171,171,171,165,155,149
9596382508,02105025,08/08/2010,95,94,95,95,95,96,96,96,96,97,100,104,120,119,120,122,119,121,120,122,121,122,120,120,121,121,120,121,121,120,120,120,121,123,131,135,187,242,241,236,227,225,220,216,211,196,170,170
9596382508,02105025,08/07/2010,96,95,95,95,95,96,96,95,95,97,99,106,121,121,119,124,124,124,123,119,120,120,120,120,125,125,121,122,122,121,121,122,126,126,124,124,123,120,119,117,117,114,116,116,115,108,95,96
9596382508,02105025,08/06/2010,-,-,-,-,-,-,-,-,-,134,227,230,257,255,255,254,256,259,261,258,260,262,263,264,265,259,253,252,251,245,242,238,232,156,129,126,124,120,120,120,118,117,117,116,116,108,95,94
9596382508,02105025,08/05/2010,142,141,140,139,138,138,137,138,137,137,167,193,219,231,235,242,248,252,258,257,264,262,266,267,271,273,266,267,269,264,262,98,-,-,-,-,-,-,-,-,-,-,-,-,-,-,-,-
9596382508,02105025,08/04/2010,144,145,145,144,144,145,145,145,144,144,174,206,230,234,237,246,239,257,260,262,261,266,271,273,280,283,275,276,277,272,270,267,260,246,227,222,216,211,212,207,173,166,167,166,164,162,148,142
9596382508,02105025,08/03/2010,137,138,138,137,137,137,137,136,136,138,165,187,217,224,227,237,241,245,249,248,250,252,251,253,257,258,258,260,260,254,251,248,244,235,224,218,214,198,195,189,166,164,163,165,164,160,152,146
9596382508,02105025,08/02/2010,128,129,130,128,129,129,129,129,129,129,145,171,209,216,221,228,234,239,238,236,237,239,238,238,241,242,236,244,242,239,238,239,236,231,220,204,195,183,181,180,161,162,163,160,161,153,136,137
9596382508,02105025,08/01/2010,131,131,131,131,131,131,130,131,130,130,147,148,176,172,171,170,165,161,154,168,169,171,154,155,156,157,158,160,157,154,155,155,153,153,154,154,156,156,158,156,149,149,149,148,149,142,128,129
9596382508,02105025,07/31/2010,129,129,129,128,129,129,128,128,128,128,135,143,161,157,157,158,158,160,156,155,157,160,161,163,166,165,161,162,163,162,162,162,168,171,172,170,173,166,164,160,153,153,152,152,153,147,131,133
9596382508,02105025,07/30/2010,139,136,134,132,131,132,131,130,129,130,145,173,207,209,216,228,230,235,238,238,237,237,235,234,237,237,231,230,227,227,224,217,215,202,191,186,183,177,176,176,154,151,150,150,150,143,129,128
9596382508,02105025,07/29/2010,156,153,153,152,152,152,152,153,150,153,178,208,245,244,250,260,265,269,275,273,268,273,274,275,282,283,274,276,270,264,252,244,242,233,214,204,203,200,201,197,170,163,162,162,163,160,154,143
9596382508,02105025,07/28/2010,139,139,140,140,140,141,141,141,141,143,170,180,209,210,220,231,217,237,240,241,239,240,275,291,289,286,279,277,276,268,268,266,257,245,234,222,216,209,205,202,174,168,168,168,170,165,160,158
9596382508,02105025,07/27/2010,135,135,136,136,135,135,135,134,134,135,154,155,195,214,224,240,248,252,253,251,253,254,253,254,257,256,249,246,245,244,242,235,235,232,223,207,202,194,190,186,165,167,167,167,167,160,139,139
9596382508,02105025,07/26/2010,163,163,162,162,161,160,158,156,153,150,174,198,225,224,230,240,242,247,248,249,251,250,248,245,249,248,246,248,248,248,238,237,233,221,204,195,194,187,184,181,159,162,162,164,164,156,135,136
9596382508,02105025,07/25/2010,168,167,167,165,166,164,163,163,163,163,185,194,219,209,205,203,204,203,207,210,212,214,184,177,178,179,181,182,185,185,185,186,184,184,183,184,184,185,183,181,179,178,178,177,176,171,165,165
9596382508,02105025,07/24/2010,162,162,161,160,159,160,159,160,160,159,163,168,177,178,176,180,180,181,180,180,180,181,182,183,188,190,186,187,186,187,187,187,192,192,192,191,193,188,188,188,187,185,184,185,184,177,171,170
9596382508,02105025,07/23/2010,145,145,145,146,144,145,144,144,144,144,170,178,205,227,240,252,261,270,279,281,284,282,281,280,283,284,276,272,269,270,267,257,258,251,238,228,226,218,219,217,181,173,175,176,174,169,165,163
9596382508,02105025,07/22/2010,146,145,144,144,141,143,143,141,142,141,166,174,194,219,234,245,251,258,271,271,272,274,273,272,271,269,265,260,261,255,252,247,242,236,217,209,208,202,198,196,175,171,170,171,171,166,151,147
9596382508,02105025,07/21/2010,150,150,149,149,148,148,146,147,146,147,173,183,207,224,246,257,249,269,276,277,279,278,279,279,283,279,276,280,278,276,274,266,263,255,243,239,231,208,205,201,175,170,169,170,170,165,156,149
9596382508,02105025,07/20/2010,148,146,145,145,143,143,141,142,141,142,169,178,201,225,241,254,258,261,266,266,265,265,264,263,268,269,265,268,268,262,254,247,243,236,217,211,211,204,203,201,178,157,112,162,178,169,162,153
9596382508,02105025,07/19/2010,139,138,137,139,139,139,138,138,137,140,147,157,182,234,243,249,252,258,263,264,269,273,275,275,282,280,273,271,269,269,270,265,257,249,233,222,213,206,205,202,174,170,171,172,171,165,156,148
9596382508,02105025,07/18/2010,141,139,139,137,139,137,139,139,139,140,161,153,181,182,176,176,177,39,98,197,188,188,168,164,199,190,188,188,188,189,191,192,192,190,191,190,191,189,190,185,182,185,188,188,186,168,139,140
9596382508,02105025,07/17/2010,149,146,144,141,141,141,141,142,141,142,150,160,202,195,190,193,189,192,189,188,188,121,143,139,148,213,193,186,188,189,189,189,192,192,194,196,196,188,187,185,181,179,180,183,181,165,132,144
9596382508,02105025,07/16/2010,143,144,142,142,142,143,143,142,143,143,171,209,237,239,244,251,258,265,271,271,272,274,272,271,272,273,266,262,262,257,256,254,249,242,234,231,225,214,203,194,171,168,168,168,167,162,158,153
9596382508,02105025,07/15/2010,140,139,138,138,137,138,137,137,136,138,167,199,226,228,232,242,248,253,259,261,264,267,266,267,272,271,263,264,264,264,261,255,245,234,217,210,204,195,192,191,170,165,166,165,165,162,149,145
9596382508,02105025,07/14/2010,136,136,136,136,138,138,138,137,137,139,169,203,231,233,235,242,231,236,244,253,255,257,257,256,255,253,252,254,256,258,258,254,251,238,222,208,204,195,193,189,167,165,164,165,164,160,143,141
9596382508,02105025,07/13/2010,135,134,135,134,134,134,134,134,134,135,166,202,226,229,234,240,248,253,253,252,254,254,255,255,258,258,253,256,254,254,255,253,249,236,220,211,204,196,193,190,166,166,165,164,165,154,136,136
9596382508,02105025,07/12/2010,134,134,133,133,133,133,134,133,133,135,156,193,222,228,232,242,248,254,260,258,259,262,263,262,264,265,261,261,261,256,244,242,238,230,218,198,191,185,184,181,160,160,160,160,160,151,134,135
9596382508,02105025,07/11/2010,135,135,135,134,134,134,134,134,134,134,154,168,184,180,178,176,175,175,175,175,176,177,162,165,166,166,166,165,164,164,166,165,166,166,166,165,166,165,164,161,155,156,156,156,157,148,134,133
9596382508,02105025,07/10/2010,147,147,149,146,147,147,147,147,148,148,158,166,174,173,174,177,177,177,175,174,172,173,173,174,177,177,173,171,172,170,170,170,173,174,173,175,174,172,170,169,166,166,165,166,166,155,136,136
9596382508,02105025,07/09/2010,148,148,146,146,146,147,146,146,145,147,172,207,237,234,238,249,254,261,265,262,264,260,261,262,260,258,258,253,255,255,252,248,242,231,222,217,213,206,203,199,173,167,168,167,168,164,154,147
9596382508,02105025,07/08/2010,165,164,162,163,163,162,161,160,160,160,184,221,257,255,259,268,274,281,286,283,284,287,289,291,295,293,287,287,288,284,281,278,268,250,236,225,222,214,209,200,172,169,169,170,169,165,156,151
9596382508,02105025,07/07/2010,95,95,95,97,95,95,94,94,95,96,100,133,148,192,271,298,290,306,305,304,305,303,300,304,306,305,304,303,298,295,294,290,282,268,247,238,235,228,223,217,183,176,177,178,179,172,166,164
9596382508,02105025,07/06/2010,140,139,138,137,136,137,136,137,136,137,163,192,218,222,231,245,250,256,259,262,265,268,267,267,265,262,261,261,262,261,258,250,246,240,215,144,130,120,119,118,117,115,114,113,114,103,96,96
9596382508,02105025,07/05/2010,128,130,129,130,129,131,130,131,130,130,149,162,175,171,170,174,173,174,173,171,171,174,175,177,181,182,180,179,181,182,183,183,186,185,185,185,186,181,183,180,161,161,161,162,161,157,143,139
9596382508,02105025,07/04/2010,125,125,125,125,125,126,125,124,125,126,141,144,155,152,150,150,151,149,151,157,155,167,151,152,153,153,155,155,154,155,156,158,159,160,161,161,160,157,156,153,149,148,149,150,149,140,128,129
9596382508,02105025,07/03/2010,124,123,119,123,124,118,124,117,124,118,126,135,143,141,140,142,143,143,140,139,139,140,140,141,146,146,142,143,143,144,148,149,155,155,156,156,153,148,147,146,141,139,139,138,140,134,127,126
9596382508,02105025,07/02/2010,126,126,125,127,125,120,125,119,122,122,129,142,176,181,187,198,203,208,209,207,210,211,212,210,213,213,208,205,220,221,219,214,209,201,174,163,161,154,152,151,138,136,135,136,136,130,124,123
9596382508,02105025,07/01/2010,127,127,127,126,127,126,126,126,125,127,129,160,178,180,185,197,200,206,213,212,213,213,214,214,215,214,209,211,212,210,205,202,194,184,164,158,156,148,146,144,140,138,139,137,135,131,127,126
9596382508,02105025,06/30/2010,131,131,129,129,126,128,127,126,125,125,132,171,188,188,196,204,195,214,218,215,217,217,219,216,223,222,215,215,216,214,214,215,215,204,190,177,162,153,152,148,143,143,141,140,139,134,127,127
9596382508,02105025,06/29/2010,150,148,146,143,140,139,137,137,137,138,166,199,220,221,228,235,243,249,254,252,251,254,254,255,258,258,254,253,252,249,247,244,239,231,222,210,200,189,187,184,162,160,159,159,158,147,133,132
9596382508,02105025,06/28/2010,146,147,146,144,143,145,144,143,144,144,171,201,226,226,232,243,251,263,266,267,272,278,276,274,279,279,273,271,271,268,163,217,258,279,259,248,240,212,205,201,170,165,165,165,165,160,158,153
9596382508,02105025,06/27/2010,140,140,140,140,138,138,139,140,140,140,167,175,188,184,183,183,184,186,185,186,187,184,168,165,165,166,166,167,169,170,169,171,172,172,173,172,173,173,173,170,167,166,165,166,166,160,156,147
9596382508,02105025,06/26/2010,134,133,133,132,132,133,131,131,131,132,139,154,167,166,163,165,166,165,164,164,164,163,164,166,170,170,167,166,165,166,165,165,168,168,172,171,171,166,167,165,164,164,164,164,162,156,140,140
9596382508,02105025,06/25/2010,139,139,139,137,136,136,135,134,134,133,151,169,190,214,229,235,242,244,245,246,247,246,245,242,246,244,238,236,236,234,231,228,220,207,196,190,190,185,182,178,157,158,155,154,153,142,133,133
9596382508,02105025,06/24/2010,149,148,147,146,146,146,145,146,146,160,171,188,217,239,247,253,255,261,269,272,276,280,279,278,280,283,276,278,275,273,269,270,267,257,244,232,228,221,216,209,181,177,169,166,167,161,147,141
9596382508,02105025,06/23/2010,143,142,141,141,141,141,140,139,140,140,168,180,206,232,235,244,234,257,264,266,268,271,272,272,272,269,265,266,266,266,265,259,251,238,221,217,215,207,200,199,176,170,170,170,171,163,158,151
9596382508,02105025,06/22/2010,139,137,136,138,137,137,137,135,136,138,163,177,199,226,240,249,254,258,263,266,269,273,273,274,278,272,268,269,268,269,266,261,255,241,227,220,216,207,206,205,177,170,168,166,167,160,146,144
9596382508,02105025,06/21/2010,95,95,94,95,95,93,95,95,94,94,132,174,191,230,269,266,267,268,268,267,266,263,262,260,261,257,251,253,252,247,246,243,244,238,221,214,207,195,192,187,166,165,164,165,163,155,141,139
9596382508,02105025,06/20/2010,136,137,137,134,135,136,135,135,136,135,164,174,183,178,176,176,177,177,178,179,179,180,165,163,164,164,164,163,163,165,164,164,163,139,104,110,113,115,114,113,113,112,115,117,118,105,96,97
9596382508,02105025,06/19/2010,126,126,126,127,126,127,127,127,127,127,133,149,163,161,157,161,160,159,160,158,160,162,161,163,167,168,162,163,164,163,164,165,169,169,170,169,169,165,164,163,161,160,160,160,161,153,134,137
9596382508,02105025,06/18/2010,126,126,124,125,124,124,124,124,123,127,138,188,200,188,196,208,211,217,222,221,218,223,220,217,220,221,213,215,213,224,223,224,218,209,193,185,183,176,176,174,150,149,148,148,146,137,126,126
9596382508,02105025,06/17/2010,140,139,138,137,137,135,136,136,136,136,160,200,218,220,226,237,240,245,250,247,248,248,250,252,256,254,251,251,249,249,248,243,236,223,210,201,194,179,178,176,151,149,149,148,147,137,127,126
9596382508,02105025,06/16/2010,135,134,135,134,133,133,134,132,133,133,152,198,224,227,234,246,234,254,257,259,260,262,262,258,264,264,261,264,263,264,261,257,254,247,234,217,209,203,203,198,172,167,165,166,166,161,145,140
9596382508,02105025,06/15/2010,161,162,162,161,161,159,157,155,154,153,163,202,219,256,270,275,269,279,284,281,279,276,275,269,272,269,265,261,259,258,258,253,253,242,229,220,218,203,197,189,165,166,164,164,164,149,133,135
9596382508,02105025,06/14/2010,77,77,76,76,76,77,76,75,75,79,97,138,156,163,227,305,309,315,314,310,309,308,307,309,312,309,303,299,298,296,293,234,235,229,214,204,202,185,187,187,133,116,122,169,181,168,162,161
9596382508,02105025,06/13/2010,73,73,75,74,75,73,74,74,74,78,93,109,120,119,120,120,119,119,119,121,121,120,122,121,120,121,121,123,122,121,123,122,122,121,122,123,124,123,124,122,119,116,103,103,103,86,78,77
9596382508,02105025,06/12/2010,73,73,73,74,74,75,74,73,75,77,93,106,116,117,119,124,126,124,122,120,120,122,121,122,127,127,122,122,123,121,122,124,127,128,129,130,127,123,124,122,120,114,101,101,101,83,75,75
9596382508,02105025,06/11/2010,72,72,73,73,73,73,73,73,73,80,143,183,204,207,212,220,224,227,228,225,226,224,222,224,229,230,225,223,221,213,211,207,202,194,183,178,174,167,164,161,145,99,93,94,95,81,75,74
9596382508,02105025,06/10/2010,73,73,74,74,74,74,74,74,74,83,146,191,210,210,215,238,259,257,259,259,255,257,257,256,259,255,247,245,244,237,215,212,211,199,184,177,173,164,162,155,140,98,92,92,94,81,72,72
9596382508,02105025,06/09/2010,74,73,74,73,73,73,74,74,72,82,143,181,210,210,217,221,210,231,231,231,231,230,229,230,235,231,227,228,228,227,221,214,217,207,185,170,166,156,157,156,143,98,93,94,95,81,74,75
9596382508,02105025,06/08/2010,73,74,73,73,73,73,73,73,73,82,140,184,206,199,204,212,219,225,234,234,234,235,236,236,238,235,231,230,225,222,213,210,209,199,181,172,168,158,157,155,140,102,96,95,96,83,74,73
9596382508,02105025,06/07/2010,72,73,73,73,72,72,73,73,73,80,147,199,217,223,247,268,268,270,271,266,267,265,265,266,266,264,258,257,254,251,249,233,218,210,193,187,184,173,171,167,150,105,98,98,98,84,73,73
9596382508,02105025,06/06/2010,75,74,75,73,74,73,73,74,72,83,146,175,185,185,185,186,185,184,185,185,186,174,120,121,120,121,120,120,122,120,120,119,119,120,120,122,121,121,120,118,116,112,99,99,98,83,72,74
9596382508,02105025,06/05/2010,74,73,73,73,73,73,73,73,73,76,92,107,118,118,119,123,123,124,120,119,119,118,119,120,125,126,121,122,120,120,121,121,126,126,127,126,126,122,121,120,118,113,101,101,99,83,75,75
9596382508,02105025,06/04/2010,75,75,75,75,75,75,74,75,74,82,147,188,211,214,239,262,259,263,265,263,263,265,263,263,267,266,264,261,258,259,256,228,210,201,188,183,178,170,171,170,157,102,95,96,96,80,74,75
9596382508,02105025,06/03/2010,76,76,76,76,76,76,76,76,76,85,149,205,218,224,228,238,268,295,292,286,286,284,284,286,287,285,274,275,275,271,271,262,221,209,190,184,180,173,173,172,157,102,95,96,97,83,75,76
9596382508,02105025,06/02/2010,76,76,75,75,75,75,75,74,75,84,149,194,217,222,226,234,224,244,247,242,240,239,237,236,240,237,233,228,228,230,230,229,221,213,198,188,185,179,177,174,160,106,97,99,99,83,77,77
9596382508,02105025,06/01/2010,72,73,73,73,73,72,72,73,72,82,146,197,215,223,263,267,262,269,265,265,270,270,271,272,276,272,268,268,266,261,239,214,214,205,194,186,185,178,177,175,161,104,98,97,98,83,76,75
9596382508,02105025,05/31/2010,73,71,72,72,72,73,72,72,72,80,146,173,181,180,180,184,184,183,178,176,174,174,174,175,180,180,174,174,173,172,172,173,178,177,179,179,179,173,172,170,156,102,93,95,96,80,73,73
9596382508,02105025,05/30/2010,85,86,78,79,83,82,77,84,82,85,142,154,167,163,160,155,154,155,154,156,157,147,100,105,109,110,112,112,113,114,115,117,117,117,117,117,119,119,119,117,116,110,98,99,99,81,72,71
9596382508,02105025,05/29/2010,71,72,71,72,72,72,72,72,71,75,91,103,112,111,153,179,174,170,166,161,159,157,156,156,161,161,156,156,157,156,158,160,164,165,166,165,165,158,159,155,149,146,126,128,127,103,85,79
9596382508,02105025,05/28/2010,78,79,78,79,79,78,78,78,77,82,134,174,190,208,219,229,233,232,231,231,231,231,228,229,231,232,226,225,226,224,215,207,199,188,177,168,167,158,155,154,139,96,92,91,90,77,72,71
9596382508,02105025,05/27/2010,74,73,74,73,74,73,73,72,73,82,145,194,216,216,221,233,237,240,244,240,280,279,274,272,278,276,270,270,272,270,267,254,218,206,191,183,183,177,176,176,161,106,99,100,100,87,79,79
9596382508,02105025,05/26/2010,72,72,72,72,72,72,72,73,72,81,141,188,207,211,214,228,217,234,234,234,234,235,238,237,240,239,233,235,233,232,230,228,221,212,194,184,180,171,174,171,156,102,96,96,95,79,74,73
9596382508,02105025,05/25/2010,72,72,73,73,72,73,72,72,72,75,92,180,231,250,224,232,235,240,239,235,232,232,231,230,235,233,229,230,228,227,219,211,211,203,190,182,177,169,167,160,143,99,92,92,92,77,73,72
9596382508,02105025,05/24/2010,73,73,74,72,72,72,72,71,72,76,91,163,215,220,230,239,243,245,244,261,275,267,262,261,262,244,228,228,227,227,226,221,221,211,202,184,181,173,173,170,156,102,93,94,95,78,72,73
9596382508,02105025,05/23/2010,72,72,72,73,72,73,72,72,72,76,92,108,118,118,117,117,117,117,117,118,119,118,118,118,118,119,118,118,117,118,118,118,119,119,119,121,123,122,121,120,119,114,101,101,100,80,73,73
9596382508,02105025,05/22/2010,75,75,75,75,74,74,74,73,74,78,95,106,113,114,113,120,134,140,141,137,136,135,136,136,141,143,133,131,127,122,118,119,125,125,124,124,124,119,119,117,114,110,98,99,99,79,72,73
9596382508,02105025,05/21/2010,75,75,75,75,75,76,76,75,76,84,140,176,188,190,195,207,215,223,222,214,213,217,216,214,217,215,210,208,208,206,205,202,198,185,172,163,159,150,150,147,137,97,93,95,94,80,75,75
9596382508,02105025,05/20/2010,72,73,72,72,73,71,72,72,72,76,91,164,175,179,185,195,203,211,216,213,214,212,214,216,220,220,214,214,215,214,210,204,196,190,180,172,160,151,150,143,135,96,92,93,93,80,76,75
9596382508,02105025,05/19/2010,73,74,73,73,74,74,73,74,73,77,99,159,173,181,188,198,187,205,210,208,209,210,209,209,212,212,204,204,203,200,195,189,184,178,162,150,132,97,99,99,99,97,86,86,85,75,72,72
9596382508,02105025,05/18/2010,73,73,73,72,72,72,72,72,72,75,92,156,188,187,193,205,205,211,215,212,210,209,210,209,215,213,205,204,204,202,200,196,154,141,130,114,110,104,104,101,98,96,87,86,87,76,74,74
9596382508,02105025,05/17/2010,72,72,72,73,72,71,71,72,71,73,94,166,156,161,167,210,248,254,253,248,248,246,242,241,242,237,226,222,217,217,214,211,209,194,180,167,163,148,145,141,131,97,89,89,88,76,72,74
9596382508,02105025,05/16/2010,72,72,71,72,72,72,72,72,72,75,92,111,118,118,117,117,116,116,117,117,117,117,117,117,117,117,117,117,117,117,118,117,118,118,118,118,118,118,121,120,116,113,101,101,99,77,73,72
9596382508,02105025,05/15/2010,72,71,72,73,72,73,72,72,73,75,91,109,118,118,118,123,122,123,120,117,117,117,117,118,123,122,117,117,117,117,117,117,123,123,123,124,124,118,117,116,114,111,98,99,99,78,72,72
9596382508,02105025,05/14/2010,76,75,74,74,73,74,74,73,73,76,92,132,144,153,158,185,230,235,229,223,226,222,218,217,224,222,218,219,217,216,209,206,204,191,179,160,113,117,118,118,116,112,100,99,98,78,72,73
9596382508,02105025,05/13/2010,73,74,73,72,73,73,72,73,72,75,93,123,127,136,143,154,154,157,163,156,158,159,162,160,166,164,158,160,160,163,158,156,157,146,131,123,120,112,111,109,106,102,92,91,90,79,77,76
9596382508,02105025,05/12/2010,73,73,73,74,73,73,74,73,73,76,91,122,155,175,185,198,187,204,205,204,205,207,207,209,215,215,209,211,209,204,200,200,200,194,174,162,157,148,146,142,98,96,89,90,89,75,73,73
9596382508,02105025,05/11/2010,76,77,76,76,77,76,76,77,75,79,96,112,116,137,148,157,163,166,166,162,161,161,161,160,164,166,158,159,159,155,153,144,146,136,123,112,109,102,103,101,98,96,88,86,86,77,73,74
9596382508,02105025,05/10/2010,73,72,73,73,72,72,72,72,72,75,92,110,119,140,149,160,164,167,165,165,164,167,171,170,173,213,214,202,205,203,201,197,199,183,168,159,135,107,112,113,113,108,94,93,92,79,77,76
9596382508,02105025,05/09/2010,73,73,72,72,72,73,73,72,73,75,91,92,92,109,116,113,110,108,108,107,106,107,106,105,107,107,108,109,109,112,112,112,113,112,112,114,114,113,111,108,104,99,87,86,86,76,72,72
9596382508,02105025,05/08/2010,73,73,73,73,72,73,73,73,73,76,92,91,91,107,117,123,124,124,120,118,117,117,118,118,122,122,117,117,118,120,118,118,124,124,124,124,125,119,120,118,116,112,100,101,101,79,73,73
9596382508,02105025,05/07/2010,75,75,75,75,75,75,75,74,75,82,140,146,160,192,201,207,210,215,217,214,216,216,212,211,215,214,209,205,204,201,201,198,192,182,166,157,156,149,147,145,133,95,91,94,95,77,72,72
9596382508,02105025,05/06/2010,73,73,72,73,72,73,73,72,72,80,144,170,171,208,224,226,234,237,242,238,238,238,238,234,236,237,230,228,229,227,221,214,208,198,178,171,166,158,154,153,140,101,100,100,101,81,75,75
9596382508,02105025,05/05/2010,74,73,73,73,74,74,73,73,73,82,140,156,162,201,219,231,224,240,238,236,235,235,233,230,233,232,225,229,227,225,218,209,205,198,182,175,170,162,160,156,143,100,97,100,100,80,73,73
9596382508,02105025,05/04/2010,77,75,75,75,75,76,76,75,76,84,169,194,202,245,262,257,244,247,243,226,239,244,239,217,236,248,242,240,239,236,230,227,218,205,190,183,176,169,167,161,147,104,100,100,100,78,74,73
9596382508,02105025,05/03/2010,80,79,79,78,80,80,79,79,78,83,99,155,195,222,264,303,308,306,305,302,299,304,303,299,305,302,293,293,291,293,293,290,289,281,272,263,247,225,223,216,172,115,105,104,104,83,78,76
9596382508,02105025,05/02/2010,79,79,78,78,77,77,78,78,77,80,96,97,96,115,123,123,122,123,123,123,124,124,124,124,123,124,125,124,124,124,125,124,124,124,123,124,124,126,124,123,121,117,106,106,106,85,79,80
9596382508,02105025,05/01/2010,75,75,75,75,75,75,75,75,74,77,93,93,93,110,119,125,124,125,122,119,120,121,120,121,125,128,123,122,124,123,124,125,129,130,129,130,130,125,125,123,121,119,106,105,105,85,80,81
9596382508,02105025,04/30/2010,74,73,74,74,73,74,74,73,73,76,86,97,123,138,151,163,167,170,182,215,203,208,205,204,207,207,201,203,198,198,194,185,185,175,159,147,110,111,115,117,116,112,101,101,100,79,75,75
9596382508,02105025,04/29/2010,73,73,74,75,73,73,74,73,73,75,88,114,119,134,150,158,160,185,205,199,200,203,204,205,207,205,201,203,201,194,191,188,185,177,154,147,144,140,139,135,126,93,87,87,87,76,73,74
9596382508,02105025,04/28/2010,73,73,73,73,73,73,73,73,72,75,86,113,121,135,147,160,147,166,170,168,168,169,171,168,173,171,165,165,162,159,154,154,147,134,118,109,104,98,98,95,94,92,85,84,84,76,73,74
9596382508,02105025,04/27/2010,72,72,73,73,72,73,72,72,72,75,90,113,118,139,147,159,166,183,211,204,199,199,201,204,216,216,212,213,203,196,189,187,186,177,164,157,143,135,133,125,93,92,84,84,84,75,73,73
9596382508,02105025,04/26/2010,73,73,72,72,72,72,72,72,71,75,91,110,124,148,169,216,207,212,211,207,208,210,213,213,216,216,208,207,205,203,204,202,202,201,187,170,124,105,100,98,96,93,85,85,86,75,73,72
9596382508,02105025,04/25/2010,72,72,73,72,72,72,72,72,73,75,87,84,83,93,95,94,93,94,93,95,97,98,99,103,105,108,110,113,114,115,115,117,117,117,117,117,117,117,117,116,113,110,98,97,96,75,73,72
9596382508,02105025,04/24/2010,72,72,72,72,72,72,72,72,71,74,88,86,83,97,98,101,101,101,97,96,96,96,96,97,101,100,95,95,95,96,97,97,103,103,102,102,102,97,94,94,92,89,82,83,83,74,73,72
9596382508,02105025,04/23/2010,72,73,73,73,72,72,72,72,72,74,92,118,122,144,153,157,164,170,173,190,218,205,207,202,204,203,197,196,195,187,186,185,185,174,156,150,146,140,139,136,127,93,87,90,92,75,72,73
9596382508,02105025,04/22/2010,75,75,75,76,75,75,75,75,76,78,91,109,120,141,150,159,167,205,212,204,208,210,208,208,212,212,207,208,206,207,202,198,188,179,171,161,149,137,136,135,126,90,85,86,89,74,73,73
9596382508,02105025,04/21/2010,73,72,72,72,72,72,73,72,72,75,88,115,120,140,148,159,149,170,171,166,167,171,174,172,176,176,169,167,163,161,155,155,156,150,141,132,126,118,117,115,107,98,90,90,90,77,75,75
9596382508,02105025,04/20/2010,77,77,77,77,77,76,76,76,76,79,90,113,124,139,148,157,170,204,203,202,206,206,204,200,203,204,198,198,197,192,189,186,183,171,152,145,143,137,136,133,92,92,86,85,84,74,72,72
9596382508,02105025,04/19/2010,73,72,71,70,71,72,71,71,71,74,86,110,119,137,148,160,165,171,168,168,170,169,183,219,210,210,203,203,203,203,200,198,198,182,174,165,158,140,138,135,128,95,88,87,87,78,77,76
9596382508,02105025,04/18/2010,72,72,72,72,73,73,72,72,72,75,90,86,85,99,99,97,97,97,96,95,96,96,96,95,95,94,93,95,96,95,96,98,99,97,98,97,96,96,95,94,94,90,83,83,83,74,72,72
9596382508,02105025,04/17/2010,73,72,73,73,73,73,73,72,73,75,92,92,91,110,116,120,116,116,111,108,110,112,116,118,123,122,117,117,117,117,117,117,123,123,122,122,123,117,117,112,104,98,87,87,85,73,72,73
9596382508,02105025,04/16/2010,75,75,76,75,75,75,75,75,75,77,95,94,103,150,181,221,216,222,223,221,219,222,218,219,221,218,215,215,211,207,205,198,195,180,165,158,155,146,146,123,100,104,97,96,96,75,73,74
9596382508,02105025,04/15/2010,77,77,77,76,77,77,76,76,76,78,95,119,123,145,156,165,167,176,213,204,208,209,205,209,215,213,209,210,205,202,192,186,188,179,152,118,119,117,119,118,116,113,99,100,100,77,75,76
9596382508,02105025,04/14/2010,77,77,77,76,77,77,76,76,76,79,92,116,124,142,151,163,153,171,172,171,169,171,171,173,180,181,175,176,178,177,174,166,160,150,139,132,129,123,123,120,112,107,96,95,92,78,77,76
9596382508,02105025,04/13/2010,76,76,76,76,76,76,75,76,75,79,129,144,148,173,181,191,196,201,200,198,198,197,197,197,202,202,196,193,190,186,181,148,145,134,117,111,109,104,103,101,99,97,89,89,89,79,77,76
9596382508,02105025,04/12/2010,74,75,74,73,74,74,74,74,73,76,93,157,167,195,197,205,210,215,219,216,217,219,219,215,217,211,209,212,209,207,204,198,193,182,170,160,156,146,105,113,115,114,103,102,102,79,76,76
9596382508,02105025,04/11/2010,74,74,73,73,73,74,74,74,73,77,90,87,85,99,98,96,97,100,102,103,104,105,108,112,114,116,117,119,119,118,118,118,119,119,120,119,120,118,116,117,114,111,98,98,98,76,75,74
9596382508,02105025,04/10/2010,74,75,74,73,74,74,73,74,74,76,90,86,85,99,100,104,101,101,98,97,96,96,96,96,102,102,98,101,103,106,108,110,116,118,120,120,121,115,115,114,112,107,92,90,89,75,74,74
9596382508,02105025,04/09/2010,75,75,76,75,75,75,75,76,75,78,95,115,128,151,166,170,170,175,176,176,174,174,174,178,181,181,175,174,171,170,166,160,161,157,149,143,136,123,106,102,99,95,86,86,86,76,75,74
9596382508,02105025,04/08/2010,77,76,76,77,76,76,76,76,76,79,95,160,178,215,230,231,231,237,238,237,238,238,239,239,243,244,236,237,232,229,225,218,211,203,185,173,170,161,151,110,116,113,100,100,100,77,76,75
9596382508,02105025,04/07/2010,76,76,75,76,77,76,77,76,76,79,97,158,178,214,224,225,214,231,235,231,231,229,230,229,235,237,231,231,226,221,222,215,218,210,195,187,183,170,159,155,143,104,100,102,102,79,77,77
9596382508,02105025,04/06/2010,73,73,73,74,73,74,73,73,74,76,133,171,167,211,222,229,228,231,234,231,234,231,231,234,239,237,233,234,235,232,231,225,225,217,188,175,171,163,158,143,107,112,101,101,102,77,76,76
9596382508,02105025,04/05/2010,73,74,74,73,74,74,73,74,73,76,95,118,124,145,158,189,223,220,221,220,224,228,228,231,235,232,229,231,228,227,226,224,218,209,193,180,171,161,158,155,142,102,98,99,99,75,75,74
9596382508,02105025,04/04/2010,74,74,74,73,74,74,73,73,73,77,93,92,92,106,107,106,105,106,107,107,107,109,109,109,110,110,109,109,110,110,110,110,110,111,110,111,112,112,112,110,108,105,92,92,92,74,74,74
9596382508,02105025,04/03/2010,73,73,73,73,72,73,73,73,72,75,93,91,87,98,100,99,98,103,103,104,100,97,97,97,100,103,110,111,107,107,107,107,109,110,115,115,116,116,115,108,107,103,90,91,91,75,73,73
9596382508,02105025,04/02/2010,78,78,78,77,79,78,78,77,77,80,105,123,124,143,145,150,154,162,167,170,198,216,204,204,189,205,206,207,199,194,188,182,176,170,113,115,117,116,116,110,107,102,89,90,89,73,73,73
9596382508,02105025,04/01/2010,79,79,79,78,78,79,79,78,78,81,97,116,121,140,152,155,158,167,172,176,218,208,207,207,205,204,207,208,201,197,195,156,143,139,129,124,124,123,121,114,112,107,94,95,95,79,77,78
9596382508,02105025,03/31/2010,80,80,80,81,80,81,80,80,79,82,98,115,119,141,154,154,141,166,168,169,166,168,168,188,218,205,211,209,202,197,195,162,150,140,131,126,122,121,121,115,112,109,97,97,96,80,79,79
9596382508,02105025,03/30/2010,77,77,77,77,77,76,76,76,76,79,91,107,122,141,150,154,159,172,174,170,169,170,165,163,163,163,167,168,161,158,154,152,143,136,127,118,117,115,110,103,102,99,91,91,91,81,80,80
9596382508,02105025,03/29/2010,74,73,73,74,73,72,71,72,72,74,83,109,118,135,147,151,159,171,177,174,170,167,168,168,167,166,170,168,162,154,151,149,143,138,131,123,121,112,110,101,100,97,89,89,89,78,77,77
9596382508,02105025,03/28/2010,75,73,77,82,74,74,74,73,73,76,83,82,82,92,93,93,93,93,93,93,94,94,93,93,93,92,92,93,92,93,93,92,93,95,94,94,95,96,95,94,94,91,85,85,84,75,73,74
9596382508,02105025,03/27/2010,74,74,73,74,74,74,73,73,72,76,84,89,90,94,95,95,95,101,100,100,97,93,94,94,94,94,100,98,93,92,93,92,92,94,99,100,101,99,98,93,93,90,84,92,88,74,74,74
9596382508,02105025,03/26/2010,76,75,76,75,75,76,75,75,75,77,95,119,129,146,150,158,165,172,173,172,167,163,163,162,160,158,163,160,154,153,148,142,135,125,116,109,104,104,102,96,94,92,85,85,85,73,73,74
9596382508,02105025,03/25/2010,73,73,73,74,73,73,72,73,72,75,91,115,121,139,147,156,160,170,177,174,176,171,171,169,167,167,172,171,167,162,160,161,152,142,138,129,125,124,123,111,109,105,93,92,92,76,76,76
9596382508,02105025,03/24/2010,73,74,74,74,73,75,74,74,73,76,86,107,120,135,144,153,141,169,170,170,168,164,163,162,164,165,170,169,163,161,162,161,151,145,130,122,120,117,117,110,109,104,92,90,89,73,73,73
9596382508,02105025,03/23/2010,75,75,75,75,75,75,75,75,74,77,92,116,122,138,146,152,158,170,173,173,167,165,165,165,164,164,169,166,157,154,153,145,136,131,115,109,106,104,104,99,96,95,87,86,85,74,74,75
9596382508,02105025,03/22/2010,73,73,73,73,73,73,73,73,73,75,93,115,126,147,156,176,218,229,229,228,222,221,217,216,217,219,223,223,216,215,210,213,207,202,191,177,173,142,109,103,100,98,88,87,88,76,75,75
9596382508,02105025,03/21/2010,72,72,73,73,74,73,73,72,73,75,93,91,89,99,100,98,98,98,99,98,99,100,101,103,105,105,106,107,107,108,107,108,108,109,108,109,109,109,109,107,106,103,90,90,89,74,73,73
9596382508,02105025,03/20/2010,74,74,74,73,73,73,73,73,72,76,92,88,86,98,99,99,97,103,103,104,100,99,101,101,104,106,111,112,107,108,108,107,109,109,114,114,115,115,114,109,106,102,89,90,90,73,73,74
9596382508,02105025,03/19/2010,73,74,73,75,73,74,73,73,72,76,90,88,93,125,148,154,158,168,170,170,167,209,204,197,197,196,202,199,193,192,171,140,139,131,126,123,120,120,118,111,106,102,89,89,87,73,73,74
9596382508,02105025,03/18/2010,73,74,73,74,73,74,73,73,73,76,93,109,122,141,151,158,163,173,178,178,178,170,168,169,188,224,217,212,210,205,199,193,139,136,127,122,120,118,116,110,107,103,89,89,87,75,74,74
9596382508,02105025,03/17/2010,78,78,78,78,78,77,78,78,77,81,96,120,127,144,152,158,146,168,172,174,173,171,168,166,164,165,173,173,162,161,159,158,149,138,133,126,121,120,117,112,109,104,90,90,89,75,73,73
9596382508,02105025,03/16/2010,82,82,82,81,82,81,82,81,82,83,94,114,127,142,151,158,163,173,173,174,169,169,169,164,164,166,172,173,164,164,163,157,149,144,133,126,124,123,122,113,110,104,93,92,91,78,78,77
9596382508,02105025,03/15/2010,72,72,72,72,71,71,70,71,70,72,82,96,121,139,149,157,165,173,178,175,171,166,160,161,164,168,175,173,164,163,161,157,151,140,127,122,119,114,111,105,105,102,94,93,92,82,81,82
9596382508,02105025,03/14/2010,71,72,71,72,-,-,72,72,72,74,84,83,83,92,93,93,93,93,93,95,94,95,94,95,95,94,93,93,93,94,95,95,95,94,95,93,93,93,96,95,93,90,83,81,82,70,72,72
9596382508,02105025,03/13/2010,72,71,72,72,73,72,72,74,86,83,84,95,94,94,95,100,100,100,97,94,95,96,96,95,100,99,95,95,94,95,94,95,100,100,100,100,100,93,92,89,82,82,81,70,72,71,72,71
9596382508,02105025,03/12/2010,74,74,74,74,74,74,74,76,92,87,88,123,133,141,148,157,163,168,167,166,169,164,166,163,167,166,159,155,153,155,146,141,137,130,119,111,107,99,95,93,86,86,84,73,73,73,73,72
9596382508,02105025,03/11/2010,75,75,75,75,75,75,74,77,91,87,88,126,135,143,151,160,164,167,173,169,172,174,170,170,175,172,166,167,164,158,154,149,150,143,128,118,116,107,104,99,89,87,85,73,74,74,74,74
9596382508,02105025,03/10/2010,80,80,80,79,80,80,79,82,97,93,93,126,140,146,154,164,165,169,170,167,166,175,168,166,170,166,164,166,162,163,159,152,153,147,131,123,121,112,106,102,90,90,88,76,75,75,75,74
9596382508,02105025,03/09/2010,77,78,78,77,77,77,77,80,96,92,93,131,141,150,156,166,171,173,175,174,175,178,176,177,182,181,176,176,175,173,171,163,160,154,150,144,140,129,116,106,94,93,93,80,81,80,81,80
9596382508,02105025,03/08/2010,78,77,76,76,77,76,75,77,90,89,90,123,134,143,152,161,167,172,172,171,170,169,171,172,180,178,174,173,171,171,167,160,161,149,135,130,126,115,113,107,94,93,93,79,78,79,78,78
9596382508,02105025,03/07/2010,78,78,77,77,78,76,77,79,89,87,88,97,98,98,97,97,98,98,98,99,97,98,98,98,97,99,99,100,101,101,101,101,103,101,100,100,101,99,97,96,87,87,86,77,77,77,78,78
9596382508,02105025,03/06/2010,77,77,78,78,77,78,78,79,91,89,89,100,101,101,101,106,105,105,103,99,99,99,99,100,106,104,100,99,100,100,101,100,107,106,106,106,104,98,97,95,87,87,87,77,78,77,77,77
9596382508,02105025,03/05/2010,81,81,81,82,81,80,80,83,94,92,93,105,124,141,148,160,166,170,172,173,171,168,169,169,172,172,168,169,165,160,158,153,155,141,122,111,107,101,100,96,89,89,87,78,78,78,77,79
9596382508,02105025,03/04/2010,79,80,80,80,79,79,79,81,92,91,92,127,137,142,151,162,168,176,177,171,174,170,172,171,173,170,167,167,167,163,161,159,158,139,122,119,116,107,103,100,93,92,91,82,82,82,81,82
9596382508,02105025,03/03/2010,78,78,77,77,77,77,77,79,90,90,90,125,139,145,152,163,168,173,174,174,173,177,174,175,178,177,172,173,170,166,162,158,156,144,126,119,117,107,103,101,91,90,89,81,82,80,79,80
9596382508,02105025,03/02/2010,80,80,80,80,80,79,79,82,92,92,91,126,139,144,151,165,169,171,171,169,169,175,170,171,177,178,173,173,169,163,156,150,151,145,128,117,115,105,103,99,90,90,88,79,78,77,77,77
9596382508,02105025,03/01/2010,78,78,76,77,76,77,77,79,89,87,89,124,134,141,150,161,166,171,170,164,162,167,163,164,169,169,163,165,161,159,153,150,148,141,126,119,113,105,104,102,93,92,89,80,80,80,80,80
9596382508,02105025,02/28/2010,78,78,79,78,79,78,77,80,90,89,89,100,100,100,100,99,99,99,99,100,99,99,100,100,100,99,98,98,100,99,99,98,99,99,99,99,98,99,96,95,87,89,87,79,78,77,77,77
9596382508,02105025,02/27/2010,79,79,80,80,80,80,79,80,92,90,91,103,103,104,103,110,109,110,106,103,103,103,103,103,109,107,101,101,102,101,102,101,107,106,106,106,107,100,99,96,89,89,87,79,79,79,78,78
9596382508,02105025,02/26/2010,80,81,80,80,80,79,79,81,93,91,93,126,139,144,151,162,169,173,173,169,168,167,164,166,170,167,160,157,155,153,147,141,141,132,122,119,115,105,102,100,92,90,90,79,80,80,79,80
9596382508,02105025,02/25/2010,81,80,80,80,80,80,78,82,93,92,97,139,141,145,155,165,171,175,179,176,175,174,173,173,177,177,170,170,165,161,154,149,147,140,127,119,117,108,106,102,95,92,90,80,79,81,80,81
9596382508,02105025,02/24/2010,79,81,80,80,80,81,80,83,94,93,93,126,139,145,152,163,167,173,175,174,175,176,175,175,180,176,166,165,165,159,156,149,146,139,126,118,113,105,103,101,93,92,91,81,80,80,81,80
9596382508,02105025,02/23/2010,80,81,81,82,81,81,80,82,94,93,94,134,140,146,152,165,167,173,173,169,166,167,166,168,176,178,168,166,164,160,157,148,145,139,125,119,114,103,102,99,92,91,90,80,80,80,79,80
9596382508,02105025,02/22/2010,81,82,82,82,82,81,81,84,95,93,94,120,135,143,151,160,166,171,170,167,172,172,171,171,175,174,167,167,166,165,154,153,152,143,130,123,119,111,110,107,93,93,92,82,82,83,81,81
9596382508,02105025,02/21/2010,81,79,80,80,80,80,79,82,92,91,91,102,102,102,102,101,102,102,104,106,107,107,107,107,109,108,110,110,109,111,110,109,109,109,109,110,111,110,108,104,93,92,91,83,82,82,83,81
9596382508,02105025,02/20/2010,80,80,79,81,80,80,79,81,92,90,92,103,103,103,102,109,109,109,105,103,104,104,104,103,109,107,103,102,101,102,102,104,109,107,109,106,107,100,99,97,90,89,88,81,80,80,80,79
9596382508,02105025,02/19/2010,82,82,81,83,83,82,81,83,93,92,95,132,140,148,156,166,174,178,174,173,174,180,177,173,180,178,172,172,168,167,166,158,158,150,132,118,113,106,102,99,92,92,91,82,81,81,82,80
9596382508,02105025,02/18/2010,82,82,80,82,81,82,80,82,92,92,95,135,141,147,156,167,172,178,180,176,177,176,176,175,181,181,173,172,170,170,168,161,164,150,137,127,116,106,104,102,94,94,92,83,83,82,81,83
9596382508,02105025,02/17/2010,82,83,81,82,81,82,81,84,93,93,97,138,141,148,157,170,175,181,179,176,178,179,178,175,179,177,175,173,170,168,164,161,162,152,141,123,117,108,106,102,95,94,93,83,84,85,83,83
9596382508,02105025,02/16/2010,80,80,80,80,80,79,80,80,89,89,101,136,139,143,153,168,174,177,177,177,177,179,178,176,183,182,177,176,174,170,167,164,166,157,140,122,114,105,103,102,94,94,91,82,82,84,82,83
9596382508,02105025,02/15/2010,80,80,79,79,79,78,78,80,89,90,90,101,100,102,104,112,112,112,110,109,110,110,110,109,114,113,107,105,105,104,105,105,111,111,110,110,109,102,101,98,92,91,89,80,81,80,80,80
9596382508,02105025,02/14/2010,80,80,80,79,80,79,79,80,89,89,89,99,100,100,100,100,101,102,102,103,100,102,102,102,103,104,104,104,104,104,103,102,100,101,102,102,101,100,100,97,90,90,89,79,79,79,80,79
9596382508,02105025,02/13/2010,79,79,78,80,79,79,78,79,88,89,91,101,103,103,104,110,109,108,104,103,102,102,103,103,109,108,103,102,103,102,102,102,107,107,106,106,107,101,99,96,90,90,89,81,80,79,80,80
9596382508,02105025,02/12/2010,83,81,83,82,83,82,81,83,93,92,93,105,104,105,109,119,119,120,115,113,115,116,117,116,122,120,112,111,110,113,110,110,114,110,109,109,108,102,99,97,90,90,89,80,79,80,79,79
9596382508,02105025,02/11/2010,82,82,82,81,82,81,81,83,91,92,92,103,102,102,103,110,110,109,109,103,103,103,104,104,111,110,104,105,107,107,108,108,114,114,113,114,113,104,102,100,93,93,92,84,83,82,83,82
9596382508,02105025,02/10/2010,81,81,81,82,81,82,81,83,92,91,93,103,103,102,105,110,110,110,107,104,103,104,104,106,112,112,105,105,105,105,105,105,111,111,111,111,110,103,101,100,93,93,89,81,82,81,82,82
9596382508,02105025,02/09/2010,82,82,82,83,82,82,80,82,92,91,92,103,103,103,104,112,112,113,110,106,108,107,108,108,115,115,109,108,107,106,107,105,111,111,112,111,111,104,103,102,93,94,92,83,83,83,81,81
9596382508,02105025,02/08/2010,82,82,81,81,81,82,81,83,92,93,93,104,104,105,105,111,111,112,109,105,106,107,107,107,114,112,108,107,108,106,105,107,113,111,111,112,110,104,103,102,95,94,91,82,82,82,82,83
9596382508,02105025,02/07/2010,78,80,78,79,78,79,78,80,89,90,90,103,102,102,102,103,102,104,104,105,104,106,107,107,107,107,107,107,107,107,107,107,106,106,106,106,106,106,105,102,93,93,92,82,82,83,83,83
9596382508,02105025,02/06/2010,79,79,79,78,79,79,79,82,92,92,92,106,105,105,104,111,111,111,107,104,103,103,103,105,111,112,104,103,104,102,102,103,108,109,109,110,109,103,101,99,91,92,89,80,79,80,79,79
9596382508,02105025,02/05/2010,81,81,80,81,80,80,80,82,93,92,102,137,138,146,152,165,171,175,173,174,173,173,170,167,169,164,154,143,123,117,112,110,116,117,117,117,116,109,106,102,91,90,89,79,79,80,79,79
9596382508,02105025,02/04/2010,82,82,82,82,82,82,81,83,95,93,100,140,144,149,159,169,173,179,185,179,177,176,177,176,181,176,172,172,170,168,163,154,155,150,129,123,120,112,110,103,92,93,90,82,82,81,81,80
9596382508,02105025,02/03/2010,82,81,81,80,80,81,79,82,92,92,95,106,114,139,158,167,169,173,170,168,169,169,171,171,178,176,171,168,169,163,159,158,156,147,127,122,117,108,106,103,95,96,92,83,83,83,83,82
9596382508,02105025,02/02/2010,82,82,82,82,82,81,81,82,92,92,96,134,139,143,153,168,173,177,178,175,176,177,176,176,183,181,171,168,165,164,159,155,155,151,139,123,117,105,103,103,95,94,90,81,82,81,82,80
9596382508,02105025,02/01/2010,80,79,78,79,79,79,78,81,91,90,104,137,139,144,154,167,173,178,175,170,171,170,170,173,177,174,167,170,167,165,161,160,161,153,137,126,122,106,105,102,94,95,92,82,82,82,82,82
9596382508,02105025,01/31/2010,80,80,80,81,81,81,79,81,92,93,94,105,107,105,106,106,106,107,108,107,107,109,106,105,105,104,104,102,103,103,103,103,103,103,103,103,103,104,102,100,92,94,89,81,81,79,80,80
9596382508,02105025,01/30/2010,80,79,80,80,79,80,78,81,94,94,96,109,109,108,109,115,115,115,110,107,109,108,110,111,118,117,110,110,109,108,110,109,117,116,117,118,118,110,108,105,94,94,92,81,81,80,81,81
9596382508,02105025,01/29/2010,82,82,81,82,82,81,81,84,96,95,98,110,121,149,161,171,176,179,177,174,177,176,180,176,181,179,173,172,167,168,163,155,155,148,139,129,125,115,114,109,94,95,91,80,79,80,80,80
9596382508,02105025,01/28/2010,80,80,80,80,80,80,80,82,93,91,96,138,143,149,158,168,172,179,182,177,175,172,174,173,179,178,172,170,168,166,166,157,153,145,138,129,118,108,104,103,93,93,91,82,82,82,82,82
9596382508,02105025,01/27/2010,79,79,79,79,79,79,79,81,92,92,103,140,144,150,156,167,172,175,177,176,173,175,174,177,180,179,170,168,167,165,157,154,158,151,130,120,117,107,105,100,93,93,90,82,81,80,79,80
9596382508,02105025,01/26/2010,75,75,75,75,75,75,75,76,87,87,90,137,140,146,157,167,174,180,180,173,171,175,173,174,179,177,168,167,164,162,159,159,157,153,144,140,136,127,125,117,102,96,89,80,81,81,79,79
9596382508,02105025,01/25/2010,80,80,81,81,80,81,80,83,97,95,97,130,145,151,159,165,168,175,174,170,171,173,170,171,178,178,169,165,166,163,161,154,158,150,135,128,121,105,103,97,89,87,84,76,76,76,76,75
9596382508,02105025,01/24/2010,81,81,82,81,80,80,80,82,95,92,94,105,104,104,104,103,103,104,104,105,104,106,106,105,106,104,105,106,106,106,104,106,105,105,106,106,105,104,103,101,92,92,89,80,80,80,81,81
9596382508,02105025,01/23/2010,82,81,82,81,81,80,81,82,95,93,95,108,107,106,107,114,113,114,109,106,107,106,108,106,113,113,106,106,104,106,105,105,111,111,110,111,111,103,102,100,93,93,90,82,82,82,81,82
9596382508,02105025,01/22/2010,81,81,81,81,80,80,80,83,96,115,129,141,143,147,154,166,174,183,178,173,173,176,172,170,175,177,170,170,165,163,160,156,153,140,128,122,119,108,106,104,93,94,91,82,82,82,81,81
9596382508,02105025,01/21/2010,84,84,84,84,84,84,83,86,98,94,104,143,145,151,159,172,176,180,166,90,181,177,175,175,181,180,177,177,168,166,162,156,155,151,143,142,136,127,126,120,107,96,91,82,83,82,82,82
9596382508,02105025,01/20/2010,79,79,80,79,79,79,79,81,93,90,96,136,143,148,154,168,171,177,177,175,176,178,173,175,180,180,171,169,164,160,154,154,156,150,137,127,119,110,107,106,99,97,95,86,86,85,85,85
9596382508,02105025,01/19/2010,80,80,79,80,80,80,79,82,92,90,95,135,141,144,153,165,173,179,179,177,174,173,173,173,176,175,169,165,170,165,160,153,152,145,129,120,115,108,105,102,92,92,89,81,80,80,80,80
9596382508,02105025,01/18/2010,79,79,78,78,78,78,78,81,91,90,92,102,103,105,107,114,113,114,110,108,109,109,107,106,114,115,109,106,105,105,105,106,112,111,110,111,110,101,101,98,90,91,87,80,79,79,79,80
9596382508,02105025,01/17/2010,79,80,79,80,80,79,79,81,92,90,93,102,101,102,102,102,101,102,103,102,103,102,102,102,102,104,102,103,102,101,102,103,103,102,104,103,102,103,100,99,91,91,89,79,80,79,79,80
9596382508,02105025,01/16/2010,80,79,80,80,80,80,79,82,93,91,93,102,102,102,103,111,111,110,106,104,103,102,102,102,109,109,102,101,102,101,102,103,108,108,108,108,108,100,100,98,90,90,86,78,79,79,79,79
9596382508,02105025,01/15/2010,82,83,90,84,82,81,82,88,95,93,99,108,109,115,122,131,133,135,131,129,128,126,127,127,132,131,125,124,118,114,113,112,116,114,114,111,110,102,103,100,92,92,88,81,79,81,81,80
9596382508,02105025,01/14/2010,82,82,83,91,83,82,80,83,93,96,99,111,146,152,157,170,176,180,185,178,179,183,179,179,183,184,175,171,165,163,156,153,151,141,129,123,122,112,108,105,98,95,91,82,87,86,82,82
9596382508,02105025,01/13/2010,84,81,81,81,86,80,81,89,93,96,100,137,144,151,158,170,178,183,181,182,179,180,177,173,180,178,175,176,170,165,161,156,152,141,124,119,115,108,104,103,98,98,90,83,85,90,81,82
9596382508,02105025,01/12/2010,81,82,81,82,81,82,86,82,93,92,124,141,140,146,157,172,184,182,180,177,176,174,176,177,184,182,182,173,171,164,161,162,164,156,147,144,138,130,126,123,116,100,98,90,88,83,82,85
9596382508,02105025,01/11/2010,82,81,83,86,80,80,87,86,91,91,99,136,138,152,166,173,179,184,191,180,178,182,183,187,185,189,174,175,169,169,166,157,153,139,125,121,122,115,107,108,103,96,89,82,81,81,82,86
9596382508,02105025,01/10/2010,82,82,85,90,83,82,81,87,98,91,94,112,105,104,107,113,106,109,109,108,107,112,110,107,106,106,105,105,105,106,113,104,105,104,104,108,110,104,102,104,99,93,89,86,87,81,82,89
9596382508,02105025,01/09/2010,85,83,82,82,85,88,80,83,93,97,103,107,106,111,114,114,114,116,110,107,105,105,106,108,113,112,106,105,104,104,104,110,116,110,111,112,111,104,103,101,103,95,89,81,82,84,91,82
9596382508,02105025,01/08/2010,82,82,82,88,83,80,81,82,94,92,97,136,143,148,158,176,174,177,177,181,182,178,175,175,180,180,172,176,178,168,164,158,156,145,137,125,123,113,114,116,97,97,93,92,85,84,83,92
9596382508,02105025,01/07/2010,80,85,86,80,80,80,79,89,93,89,100,137,140,147,158,177,176,180,184,178,179,181,178,178,185,185,180,177,173,173,166,158,157,146,126,119,117,107,106,104,104,98,91,83,84,82,82,90
9596382508,02105025,01/06/2010,89,83,83,83,83,82,90,89,94,95,98,132,140,150,167,174,176,179,178,175,170,170,168,168,176,175,168,169,164,161,160,159,153,139,132,126,114,106,103,100,94,100,93,81,81,82,80,81
9596382508,02105025,01/05/2010,93,84,85,84,85,84,83,87,103,95,99,136,141,148,156,175,187,180,182,178,178,177,173,175,181,179,171,171,170,168,163,156,161,143,129,123,120,110,112,113,98,96,92,85,82,85,84,92
9596382508,02105025,01/04/2010,80,78,79,81,87,83,79,81,88,93,101,133,140,149,158,174,182,191,185,180,177,181,180,176,184,181,173,174,176,167,166,160,159,146,127,118,125,113,105,104,96,96,102,88,85,85,84,85
9596382508,02105025,01/03/2010,80,84,89,81,85,87,79,90,95,90,98,101,108,107,101,109,105,104,102,108,102,101,102,109,102,102,107,103,100,100,102,105,110,104,101,102,103,107,99,97,90,92,97,85,80,80,87,82
9596382508,02105025,01/02/2010,88,86,80,79,79,79,78,89,94,89,93,102,109,101,102,109,117,108,104,110,105,103,102,103,113,117,102,101,102,109,108,103,108,115,113,110,109,100,107,105,94,90,88,88,86,80,84,88
9596382508,02105025,01/01/2010,86,84,79,79,79,79,79,80,91,90,93,102,102,102,101,100,99,101,101,101,101,102,101,101,102,102,100,101,101,100,100,100,100,99,100,100,100,100,99,98,98,95,86,79,79,79,80,79
9596382508,02105025,12/31/2009,81,80,79,80,87,83,79,81,94,101,104,112,119,114,116,129,133,138,142,134,135,136,135,136,139,139,131,129,127,126,122,119,132,130,117,114,111,103,101,99,92,99,89,78,78,79,79,79
9596382508,02105025,12/30/2009,89,92,97,89,88,88,93,94,100,101,116,141,135,140,148,164,169,184,178,171,172,171,176,173,178,175,170,168,173,163,165,158,153,146,134,120,119,108,107,104,97,101,90,81,81,85,87,81
9596382508,02105025,12/29/2009,87,91,82,82,82,82,82,83,95,98,109,133,131,138,143,163,168,169,169,166,166,167,172,169,171,170,165,164,163,159,156,154,151,155,139,129,123,113,113,116,106,101,97,89,98,95,89,88
9596382508,02105025,12/28/2009,76,77,76,76,77,81,86,79,89,88,107,129,130,135,145,158,166,172,171,170,169,168,165,164,169,169,166,166,163,161,158,154,158,149,133,122,117,108,105,112,102,94,90,83,83,80,81,82
9596382508,02105025,12/27/2009,78,77,77,77,77,78,76,79,89,87,91,99,100,99,100,100,99,100,101,100,100,100,100,100,100,99,100,99,99,98,99,98,98,98,99,99,98,99,97,95,87,88,90,81,77,76,76,77
9596382508,02105025,12/26/2009,76,76,76,76,76,76,77,78,89,88,91,99,98,98,99,105,105,107,102,100,99,99,99,99,107,106,99,98,98,98,99,100,106,106,107,107,107,99,99,96,89,88,85,77,77,76,76,77
9596382508,02105025,12/25/2009,79,78,77,77,78,77,77,78,89,88,90,98,98,98,99,98,97,97,99,106,99,98,98,96,97,98,97,97,97,97,97,98,97,97,98,99,98,97,96,94,86,87,82,76,76,76,77,76
9596382508,02105025,12/24/2009,76,77,77,85,79,77,77,78,92,91,92,109,104,106,106,113,114,111,110,102,102,100,100,101,107,106,99,100,100,100,99,98,107,107,108,113,114,99,97,95,96,96,84,77,76,77,81,85
9596382508,02105025,12/23/2009,81,80,90,86,80,80,80,82,94,93,97,105,111,130,155,168,174,175,178,170,170,168,165,163,162,147,137,136,133,132,133,126,128,126,117,113,111,101,100,106,99,92,84,77,78,78,77,76
9596382508,02105025,12/22/2009,82,81,87,92,82,82,81,82,95,93,95,105,124,144,156,168,170,175,176,173,172,171,169,166,172,170,162,159,157,154,149,147,152,146,136,129,120,107,105,101,93,93,88,84,90,81,80,80
9596382508,02105025,12/21/2009,81,80,83,88,82,80,85,84,92,90,94,108,120,135,140,152,162,167,170,166,165,168,167,166,172,170,162,159,157,156,151,148,150,145,126,116,114,106,104,101,94,95,97,91,83,83,81,81
9596382508,02105025,12/20/2009,80,82,89,83,80,80,79,81,93,92,95,103,107,112,106,103,103,105,104,105,104,104,104,104,103,103,107,111,102,103,103,102,102,103,103,104,104,104,101,100,102,99,86,81,80,79,80,80
9596382508,02105025,12/19/2009,89,86,80,80,80,83,88,82,93,92,101,114,110,107,107,113,122,123,112,107,109,115,109,112,123,114,105,107,113,106,106,105,113,112,121,123,116,105,103,101,92,96,93,81,81,81,81,80
9596382508,02105025,12/18/2009,86,95,93,86,86,86,85,95,99,99,104,111,124,152,161,173,177,178,179,174,171,171,172,173,177,175,167,167,167,167,165,153,152,140,135,121,117,108,105,112,99,92,93,86,82,81,80,84
9596382508,02105025,12/17/2009,86,90,84,82,81,82,80,82,95,94,104,143,149,162,161,174,179,182,188,181,181,185,181,181,187,184,176,176,177,173,170,166,165,156,147,139,135,127,123,120,104,104,102,93,85,86,86,85
9596382508,02105025,12/16/2009,81,81,80,80,80,80,80,83,97,95,104,143,145,149,160,174,177,179,178,176,178,181,179,180,184,185,178,175,172,168,161,156,156,147,130,120,115,107,105,103,99,102,89,82,82,82,82,82
9596382508,02105025,12/15/2009,79,79,81,80,79,81,79,81,93,93,102,139,142,149,158,172,177,182,182,178,178,180,178,177,185,185,178,177,176,174,173,165,167,155,138,123,117,107,105,102,94,93,88,82,83,82,81,82
9596382508,02105025,12/14/2009,85,84,78,79,79,77,77,82,92,91,99,136,143,149,158,172,177,184,184,181,180,183,177,179,184,185,176,173,168,166,165,166,170,156,139,130,123,106,103,100,93,92,87,81,80,80,80,80
9596382508,02105025,12/13/2009,82,85,78,80,78,79,77,80,92,90,95,102,103,103,103,103,102,102,102,110,108,102,102,104,103,103,103,102,103,103,103,102,102,102,104,104,103,103,101,99,92,91,85,78,78,79,79,79
9596382508,02105025,12/12/2009,87,81,80,80,81,89,82,82,94,93,97,107,108,115,108,114,114,114,109,106,103,105,105,105,112,110,103,104,103,103,102,103,110,110,111,110,114,110,101,99,91,91,85,80,79,79,79,78
9596382508,02105025,12/11/2009,90,85,81,81,81,81,80,87,105,96,106,146,154,154,157,170,176,179,181,178,182,181,179,178,179,174,167,168,168,164,160,153,149,138,124,117,114,106,105,102,103,101,92,81,81,80,80,83
9596382508,02105025,12/10/2009,85,84,84,84,83,84,84,85,99,98,107,141,144,147,154,167,173,180,187,180,180,178,179,179,184,183,175,175,171,164,164,156,154,146,126,119,115,107,105,103,94,95,90,91,84,81,82,81
9596382508,02105025,12/09/2009,78,79,86,78,77,77,77,79,91,90,96,134,142,146,153,170,174,180,180,178,178,180,178,180,186,185,177,176,173,170,170,162,164,157,142,133,124,109,107,104,96,94,91,84,86,85,84,85
9596382508,02105025,12/08/2009,82,87,79,79,79,80,78,80,92,90,100,136,139,146,153,167,172,176,174,173,170,173,170,174,183,179,171,169,166,161,154,147,146,142,124,115,114,105,103,100,91,92,89,87,79,78,79,79
9596382508,02105025,12/07/2009,79,80,86,79,79,78,79,81,93,102,124,138,140,146,152,172,179,179,178,175,176,181,176,174,181,181,173,168,171,167,159,157,156,150,139,126,121,107,103,101,92,92,86,80,80,79,80,79
9596382508,02105025,12/06/2009,80,89,82,78,78,78,85,80,93,91,97,104,103,103,107,107,102,104,103,103,103,103,103,104,106,106,105,104,105,105,104,104,105,105,106,105,106,105,108,108,93,94,96,85,82,80,80,80
9596382508,02105025,12/05/2009,79,79,78,78,79,79,78,80,95,93,97,104,104,103,104,112,111,110,106,103,103,104,102,104,112,110,104,104,104,104,104,105,111,110,119,115,112,103,102,98,91,91,86,79,78,79,79,79
9596382508,02105025,12/04/2009,78,79,79,78,78,77,77,80,96,93,103,140,141,146,156,169,176,181,180,177,174,174,174,172,172,172,163,162,160,159,150,145,142,136,128,121,118,108,106,102,93,92,85,79,79,78,79,80
9596382508,02105025,12/03/2009,79,79,79,80,80,80,80,82,98,98,107,146,150,158,163,172,176,179,195,230,221,220,221,218,222,221,215,217,217,209,193,158,157,145,129,124,119,110,107,105,95,95,87,79,78,77,78,78
9596382508,02105025,12/02/2009,82,81,81,82,82,82,82,84,98,97,105,139,143,147,156,166,170,177,178,174,172,174,173,174,181,180,173,169,167,166,162,162,158,149,136,130,125,112,109,106,95,95,89,80,80,80,80,80
9596382508,02105025,12/01/2009,79,79,80,79,78,79,79,81,93,92,101,140,144,151,161,173,179,182,183,177,174,177,174,176,181,181,175,174,174,172,167,161,158,146,131,125,119,110,108,104,97,96,89,82,83,82,81,80
9596382508,02105025,11/30/2009,81,81,81,81,81,81,81,83,97,96,103,140,144,150,158,167,175,177,179,174,172,173,174,172,178,180,168,167,168,168,164,166,164,153,141,130,128,110,105,103,94,94,88,80,80,79,78,79
9596382508,02105025,11/29/2009,77,78,78,77,77,86,79,79,91,91,95,104,104,104,104,104,104,104,105,104,106,114,114,113,114,117,113,112,113,112,113,112,112,113,114,113,110,109,107,104,96,96,89,82,81,81,80,80
9596382508,02105025,11/28/2009,78,77,77,77,78,78,77,80,92,91,97,106,104,105,106,112,112,111,106,104,104,104,103,104,111,109,103,103,103,103,102,104,110,108,109,109,109,102,100,98,91,91,84,77,78,76,77,78
9596382508,02105025,11/27/2009,77,77,77,77,77,77,77,79,92,90,96,104,104,105,105,111,111,111,106,103,104,104,103,103,109,111,106,106,105,105,106,105,113,113,113,113,113,106,104,101,93,94,86,78,78,78,79,79
9596382508,02105025,11/26/2009,77,78,77,77,78,77,77,80,96,94,100,108,107,106,107,114,113,113,113,105,106,106,105,106,113,114,106,106,106,104,106,105,113,112,113,113,112,104,103,99,92,92,84,77,77,77,77,77
9596382508,02105025,11/25/2009,83,83,83,83,83,82,83,85,102,99,113,149,150,157,162,175,174,179,178,174,173,174,171,169,170,161,150,148,144,140,134,133,133,129,123,120,116,107,104,102,93,93,85,78,77,77,77,77
9596382508,02105025,11/24/2009,80,79,80,79,79,79,80,82,97,95,103,140,144,154,162,174,180,183,181,181,181,182,183,182,186,185,179,177,173,172,172,165,166,157,140,128,125,114,112,109,99,98,90,83,84,84,83,84
9596382508,02105025,11/23/2009,76,77,76,77,76,76,77,79,96,92,101,140,144,149,159,165,170,175,178,180,180,181,177,176,176,177,176,175,174,168,166,162,153,145,134,125,114,110,108,105,97,97,87,79,79,79,80,79
9596382508,02105025,11/22/2009,77,77,77,78,77,77,77,79,96,93,98,106,105,105,106,106,105,104,105,106,107,108,108,110,111,112,112,112,114,113,112,112,112,109,107,107,106,106,102,99,92,91,84,77,76,78,78,77
9596382508,02105025,11/21/2009,79,79,77,79,79,79,78,79,97,95,101,109,107,108,108,115,113,114,112,111,116,116,116,117,125,125,120,119,116,109,108,108,115,115,114,113,113,105,104,100,90,91,84,77,77,76,77,77
9596382508,02105025,11/20/2009,80,81,81,81,80,81,81,83,100,101,110,149,152,154,161,173,177,183,185,182,182,196,231,215,226,224,217,212,210,208,199,196,195,188,174,157,153,144,139,102,95,94,87,79,79,78,79,79
9596382508,02105025,11/19/2009,81,80,82,80,81,80,81,82,100,100,110,146,150,153,159,176,184,191,194,184,187,186,188,188,197,195,188,187,184,183,182,178,178,164,148,141,138,128,122,118,103,102,91,81,81,81,82,81
9596382508,02105025,11/18/2009,79,80,80,79,80,80,80,81,98,97,104,134,140,144,153,168,176,182,183,180,180,181,180,182,189,188,178,179,178,176,170,166,165,156,141,135,132,120,115,112,100,100,91,80,80,80,82,80
9596382508,02105025,11/17/2009,79,79,78,80,79,78,78,81,98,96,107,144,144,150,157,171,180,186,184,183,184,187,183,183,191,190,182,185,228,234,224,215,208,194,183,173,167,149,141,103,95,96,87,79,80,80,79,79
9596382508,02105025,11/16/2009,81,82,82,81,82,81,82,83,102,101,110,143,148,156,163,177,181,189,185,183,183,185,183,199,249,255,246,243,240,239,237,230,225,210,190,176,168,156,145,103,95,95,87,79,80,80,79,77
9596382508,02105025,11/15/2009,81,82,82,81,81,81,82,84,100,99,105,112,111,111,110,109,109,111,112,113,115,117,117,118,120,121,122,122,122,124,124,123,124,125,125,126,126,125,123,118,104,103,91,81,81,82,82,82
9596382508,02105025,11/14/2009,82,81,81,80,82,81,82,84,100,98,106,113,112,111,111,120,120,119,114,112,112,112,113,113,121,121,113,115,114,114,114,114,123,122,121,123,123,112,111,108,96,96,88,81,81,82,82,82
9596382508,02105025,11/13/2009,80,82,81,81,81,81,81,83,97,95,110,138,141,145,152,167,173,180,177,173,173,173,172,172,180,180,169,167,168,162,154,151,151,143,133,129,126,116,113,110,99,99,91,85,84,83,82,81
9596382508,02105025,11/12/2009,85,84,84,83,84,84,84,85,100,99,107,138,143,147,157,170,178,185,186,178,177,180,179,181,190,187,177,174,172,169,166,162,166,157,142,129,124,113,110,106,98,97,88,82,83,82,82,82
9596382508,02105025,11/11/2009,73,74,73,74,74,73,73,76,94,92,98,108,110,113,116,125,127,129,123,121,122,123,124,124,137,140,131,131,131,131,127,125,133,129,129,126,125,114,113,109,101,101,94,87,85,85,85,86
9596382508,02105025,11/10/2009,76,76,75,76,77,76,76,78,95,93,102,137,141,144,152,168,176,183,184,180,181,180,184,185,193,193,184,183,181,178,173,171,173,164,147,133,131,118,114,109,96,95,84,75,75,75,75,73
9596382508,02105025,11/09/2009,79,78,79,79,78,78,78,81,98,96,109,147,151,155,163,177,181,187,186,183,199,240,236,234,242,241,232,229,226,225,223,219,217,207,192,180,172,112,108,107,95,95,83,77,77,76,76,76
9596382508,02105025,11/08/2009,79,79,79,79,79,78,79,81,96,93,100,107,107,107,107,105,106,107,107,108,110,110,112,115,116,117,119,120,121,120,120,122,123,122,122,123,123,124,122,117,105,104,91,81,80,79,79,78
9596382508,02105025,11/07/2009,79,78,79,80,79,78,78,80,96,94,101,108,108,108,109,118,115,116,112,107,108,106,106,107,116,116,108,109,110,109,110,111,117,118,118,117,117,105,103,102,92,92,83,79,78,78,78,78
9596382508,02105025,11/06/2009,82,81,82,81,80,81,81,83,98,96,104,134,137,144,156,171,176,182,181,177,174,177,176,177,182,183,176,174,171,168,165,160,156,144,130,123,120,107,105,103,94,95,86,80,80,80,80,79
9596382508,02105025,11/05/2009,77,77,77,79,77,77,77,79,95,92,102,136,139,145,153,167,174,179,180,174,174,177,174,174,178,177,168,168,167,168,169,165,156,149,131,125,122,110,106,104,93,93,86,81,82,81,81,81
9596382508,02105025,11/04/2009,79,79,79,79,79,78,79,80,94,92,106,138,140,148,158,168,172,176,176,172,173,169,170,170,178,178,172,172,170,168,164,155,156,143,127,121,117,106,103,100,92,91,84,78,78,78,78,78
9596382508,02105025,11/03/2009,82,82,82,82,82,82,81,84,98,97,104,117,122,136,146,161,166,166,164,161,162,165,165,167,176,176,169,168,169,168,167,165,162,152,140,131,126,114,108,104,93,93,85,80,80,80,79,79
9596382508,02105025,11/02/2009,78,77,78,78,77,79,77,80,91,90,99,130,135,144,154,170,174,181,178,176,176,179,176,177,186,184,177,179,177,179,177,175,168,157,143,130,126,111,107,103,95,95,87,82,82,82,82,82
9596382508,02105025,11/01/2009,79,78,77,77,78,78,77,80,97,94,102,110,107,106,104,104,103,103,103,103,103,103,103,103,104,103,104,104,104,103,102,102,103,101,102,103,103,102,100,97,89,90,83,78,77,78,77,77
9596382508,02105025,10/31/2009,79,79,78,77,77,78,78,78,77,81,96,95,101,109,108,107,108,116,117,117,112,107,107,108,108,109,119,120,113,114,115,115,117,119,127,129,129,131,132,121,119,116,104,102,88,81,77,79
9596382508,02105025,10/30/2009,77,77,78,77,78,78,78,77,77,79,100,125,133,147,152,155,163,178,179,181,175,172,167,169,173,170,177,176,165,160,159,155,147,141,137,126,120,118,118,110,105,103,93,93,86,80,79,78
9596382508,02105025,10/29/2009,78,77,79,77,78,77,77,77,77,79,101,126,138,150,158,166,174,188,192,191,190,182,184,182,180,178,187,187,176,170,169,165,158,148,138,130,125,123,122,110,107,106,93,92,83,77,77,79
9596382508,02105025,10/28/2009,79,79,79,79,79,79,79,79,78,82,100,125,139,151,156,166,172,187,191,193,188,185,185,185,232,247,252,245,234,231,230,220,209,195,192,185,179,176,156,121,122,120,98,96,85,78,78,77
9596382508,02105025,10/27/2009,80,81,80,80,80,80,80,80,80,82,101,121,139,149,153,162,170,183,189,187,179,176,176,177,178,178,187,186,173,171,171,168,157,150,148,143,129,127,124,115,112,107,96,95,84,81,79,80
9596382508,02105025,10/26/2009,76,77,76,76,76,76,76,76,75,79,97,120,135,151,156,164,172,186,191,190,185,182,183,181,182,184,194,203,234,237,230,226,215,206,202,171,139,130,128,119,115,111,99,99,87,81,80,81
9596382508,02105025,10/25/2009,78,78,78,78,77,78,77,78,78,80,98,99,110,122,118,115,113,113,111,112,114,116,117,118,119,118,119,119,122,124,123,123,124,124,124,124,122,120,120,117,113,108,95,93,83,77,77,76
9596382508,02105025,10/24/2009,77,78,77,79,77,78,77,77,78,80,97,97,108,120,121,130,130,131,127,123,123,123,123,125,134,134,126,124,126,125,125,127,134,134,136,135,134,126,125,124,122,118,105,104,89,79,79,79
9596382508,02105025,10/23/2009,83,81,81,81,82,80,81,81,80,85,137,158,171,189,193,211,216,221,219,214,216,214,215,213,187,180,175,174,171,167,165,165,160,151,141,135,133,124,123,123,120,116,103,103,88,79,79,77
9596382508,02105025,10/22/2009,79,79,79,79,79,80,79,79,78,81,100,125,136,149,157,171,176,183,187,181,184,185,184,183,187,184,197,237,232,227,223,215,215,199,184,172,170,158,155,154,146,105,98,100,89,83,83,83
9596382508,02105025,10/21/2009,82,81,80,81,80,81,81,80,81,82,103,124,139,154,164,177,181,188,191,184,182,180,214,247,252,247,237,234,228,225,222,219,217,207,187,174,168,158,140,110,110,108,97,96,85,78,79,79
9596382508,02105025,10/20/2009,80,80,79,80,80,79,79,78,78,80,96,120,130,143,151,170,178,181,179,176,177,177,176,180,186,184,176,177,175,173,171,168,166,159,141,137,134,126,125,123,120,116,102,102,90,82,82,81
9596382508,02105025,10/19/2009,77,77,76,77,76,77,76,77,76,78,92,117,130,143,153,168,176,179,179,170,170,168,166,167,177,177,169,168,166,166,165,164,164,152,133,126,121,110,109,106,103,100,92,91,83,79,79,79
9596382508,02105025,10/18/2009,78,78,77,78,77,77,77,77,76,78,90,89,98,101,102,101,102,102,103,102,103,103,104,103,103,102,102,101,102,103,102,102,102,101,101,101,100,102,100,101,99,97,90,90,80,78,77,77
9596382508,02105025,10/17/2009,77,77,77,78,77,78,77,77,77,79,92,90,98,103,103,112,112,112,107,104,103,103,104,105,112,111,102,103,104,103,103,103,113,112,112,112,110,102,102,101,99,97,89,89,82,78,78,78
9596382508,02105025,10/16/2009,79,79,79,78,79,80,78,79,78,80,93,116,133,148,157,173,180,185,182,177,178,181,181,176,184,179,167,165,166,162,156,151,147,137,128,121,118,104,106,103,102,99,91,90,82,77,77,77
9596382508,02105025,10/15/2009,80,79,79,79,79,78,78,78,78,79,92,91,114,142,152,168,178,182,187,179,180,176,175,174,183,184,169,169,168,165,160,152,156,145,129,122,119,106,106,105,103,100,91,91,83,79,80,78
9596382508,02105025,10/14/2009,80,80,80,80,80,80,80,79,79,82,97,98,119,147,151,166,171,179,178,176,176,181,178,179,183,184,175,175,171,168,158,156,157,146,135,127,122,113,112,107,104,100,92,93,85,81,81,78
9596382508,02105025,10/13/2009,73,74,74,74,74,73,73,74,73,76,93,119,138,149,159,174,180,184,181,176,175,180,180,179,207,245,235,228,224,221,216,211,206,194,179,169,165,154,154,116,109,105,94,93,85,80,80,80
9596382508,02105025,10/12/2009,76,75,76,75,75,76,75,75,75,77,95,96,108,120,117,123,121,119,114,110,110,110,108,109,116,116,107,108,103,103,103,104,110,111,110,110,109,101,101,100,99,97,87,88,79,75,73,74
9596382508,02105025,10/11/2009,77,76,77,76,75,76,76,76,76,78,96,96,109,118,113,111,109,109,108,110,112,113,114,116,120,121,121,122,122,121,122,122,122,123,123,123,124,122,124,122,121,118,104,103,86,78,75,76
9596382508,02105025,10/10/2009,76,77,76,75,76,76,75,75,74,77,94,94,107,119,120,132,132,133,128,124,124,123,123,124,133,133,124,125,124,125,125,124,130,129,129,130,130,121,122,120,118,114,102,101,85,76,76,76
9596382508,02105025,10/09/2009,74,74,74,74,73,73,73,73,73,76,93,131,159,194,196,210,214,217,217,211,215,215,215,218,225,224,218,220,219,220,220,216,215,204,190,185,182,169,163,161,154,100,94,96,82,76,76,76
9596382508,02105025,10/08/2009,77,77,74,74,74,74,74,74,74,76,94,118,137,147,153,167,172,179,183,178,181,184,182,221,244,231,221,219,216,212,208,205,200,187,171,162,158,132,105,106,106,103,92,92,80,75,76,74
9596382508,02105025,10/07/2009,73,73,74,73,74,73,73,73,73,76,140,166,194,213,216,229,234,243,240,236,236,235,232,227,233,233,221,217,218,215,210,208,199,192,182,164,156,131,104,106,103,100,90,90,80,76,76,76
9596382508,02105025,10/06/2009,79,78,78,77,77,77,78,78,77,79,100,154,183,196,198,209,214,221,222,221,220,225,224,227,235,233,224,223,224,221,218,215,211,200,187,170,166,154,154,151,143,97,92,94,80,76,75,73
9596382508,02105025,10/05/2009,77,76,77,77,76,76,77,76,77,78,102,129,148,164,170,185,190,195,194,188,186,186,184,193,242,250,240,243,241,238,235,232,228,213,204,186,178,165,164,161,153,107,99,97,85,79,78,78
9596382508,02105025,10/04/2009,77,78,77,77,77,77,77,77,77,79,98,97,113,122,123,120,119,118,119,121,123,122,122,121,122,123,122,123,123,124,122,123,122,121,122,123,122,122,123,123,119,116,102,103,83,77,77,77
9596382508,02105025,10/03/2009,76,76,77,76,77,77,77,77,76,79,96,96,107,116,119,129,130,130,124,121,121,121,122,123,134,131,122,122,122,122,123,122,131,130,130,130,129,123,123,121,118,115,102,101,84,76,77,76
9596382508,02105025,10/02/2009,79,78,79,78,79,78,78,79,79,80,109,127,139,150,158,171,180,184,198,231,227,228,225,223,231,229,218,218,215,214,206,206,202,191,177,167,163,152,150,149,143,98,92,93,82,78,76,77
9596382508,02105025,10/01/2009,77,77,77,77,77,77,77,77,78,80,100,129,140,150,156,168,173,178,184,176,182,223,214,215,223,220,208,208,210,208,205,200,197,189,172,164,155,110,109,109,107,104,94,92,83,78,79,79
9596382508,02105025,09/30/2009,95,96,95,95,93,94,94,93,94,94,100,127,139,148,158,172,179,185,184,180,181,186,186,184,193,242,251,243,238,232,225,220,218,209,193,183,178,151,114,108,107,104,93,92,82,77,76,77
9596382508,02105025,09/29/2009,74,72,73,72,73,72,72,72,72,74,99,158,173,181,187,174,177,183,185,183,185,185,185,190,242,258,237,232,223,221,216,217,215,202,193,184,164,152,137,104,106,107,107,106,98,97,95,95
9596382508,02105025,09/28/2009,76,76,76,76,76,75,76,73,73,77,141,154,190,200,204,217,220,225,227,226,227,229,229,228,235,235,228,231,228,228,225,222,222,210,197,192,181,151,149,145,137,93,85,88,77,73,73,73
9596382508,02105025,09/27/2009,74,74,74,75,74,75,74,74,73,79,143,141,160,171,169,167,166,166,165,164,163,159,100,103,107,110,116,117,118,119,120,119,119,118,118,119,121,121,121,120,118,115,101,101,82,76,76,76
9596382508,02105025,09/26/2009,75,75,75,74,75,73,74,73,74,77,95,95,107,111,109,118,116,117,113,109,110,109,110,112,120,120,112,114,113,113,113,114,123,123,123,122,122,111,112,109,107,104,92,92,80,76,74,74
9596382508,02105025,09/25/2009,75,75,75,75,75,75,75,75,75,78,151,183,202,223,228,237,243,245,246,239,234,232,231,229,234,232,223,222,223,218,217,214,204,193,178,171,167,154,154,151,143,98,90,93,81,76,75,74
9596382508,02105025,09/24/2009,79,80,78,79,79,79,79,79,78,83,153,195,214,232,238,252,254,260,262,253,254,255,253,253,262,257,248,245,245,243,242,241,244,223,208,202,195,185,184,181,175,112,103,103,82,75,74,75
9596382508,02105025,09/23/2009,76,76,76,75,76,76,76,76,76,79,146,149,156,181,188,242,245,250,251,248,248,248,246,248,256,255,247,248,245,243,241,241,235,223,209,205,202,190,185,182,176,114,106,107,86,79,78,79
9596382508,02105025,09/22/2009,74,72,73,73,73,72,72,72,73,75,138,167,188,208,196,224,240,245,240,237,238,235,235,235,243,244,235,234,232,228,228,227,226,211,201,190,181,173,169,166,154,97,95,83,76,75,76,75
9596382508,02105025,09/21/2009,82,83,83,84,81,82,82,84,84,84,133,154,169,184,190,205,216,221,221,223,222,220,218,220,230,225,219,217,217,215,215,215,217,210,192,176,171,151,149,147,109,98,90,92,79,75,75,75
9596382508,02105025,09/20/2009,79,83,83,84,82,79,83,82,84,85,129,121,122,140,138,137,135,137,138,138,138,137,107,107,148,144,145,143,142,141,141,141,140,141,142,141,140,139,138,137,135,132,117,103,93,81,80,81
9596382508,02105025,09/19/2009,75,74,76,74,75,74,75,74,75,77,94,94,106,111,113,122,119,171,184,176,173,170,171,167,178,176,159,151,153,150,149,149,156,155,157,157,156,146,145,141,137,135,120,116,93,83,83,83
9596382508,02105025,09/18/2009,76,76,77,75,76,75,75,76,75,77,130,164,188,198,202,217,224,232,227,225,223,225,223,221,229,226,217,214,211,210,206,204,202,193,179,172,167,158,154,152,109,98,91,92,79,76,76,75
9596382508,02105025,09/17/2009,75,76,75,76,75,75,76,76,75,77,133,175,202,218,218,228,230,234,236,228,228,230,227,227,233,231,222,221,219,212,206,203,204,195,183,165,163,150,149,146,109,99,90,91,80,76,76,76
9596382508,02105025,09/16/2009,76,75,76,75,75,76,76,74,75,77,129,178,209,229,234,248,251,254,249,245,245,243,241,242,250,247,239,239,237,236,232,227,217,208,192,182,173,161,161,156,114,108,101,102,82,77,76,76
9596382508,02105025,09/15/2009,81,80,82,81,81,81,81,81,81,83,136,185,214,234,239,249,252,260,258,255,259,256,256,257,261,257,249,245,242,240,235,230,231,220,200,192,187,176,171,169,119,109,100,102,82,76,76,76
9596382508,02105025,09/14/2009,76,75,77,76,77,76,77,76,76,79,130,182,211,231,237,252,258,264,263,259,257,261,257,254,262,259,249,248,247,246,244,240,247,242,228,214,210,194,192,191,139,121,106,106,87,81,80,81
9596382508,02105025,09/13/2009,76,75,76,77,76,76,76,76,75,78,128,150,170,185,180,176,169,165,162,161,161,159,120,114,121,121,121,122,122,122,121,123,123,124,125,125,124,125,123,123,121,118,103,104,85,79,78,76
9596382508,02105025,09/12/2009,76,77,76,76,76,76,75,77,76,79,96,96,110,116,116,124,124,123,120,116,116,116,116,119,131,130,121,120,121,120,122,122,130,129,131,131,129,121,122,121,119,115,103,101,81,75,76,76
9596382508,02105025,09/11/2009,74,73,74,73,73,72,73,73,73,75,126,158,182,190,197,212,218,225,201,206,223,226,225,225,231,231,220,219,219,215,212,209,206,190,171,164,160,147,146,144,107,99,91,92,79,76,76,76
9596382508,02105025,09/10/2009,75,75,74,75,75,75,74,74,74,76,128,170,198,211,210,221,227,231,236,227,227,226,227,225,233,232,226,221,215,213,210,205,199,190,171,163,157,145,145,142,109,98,91,95,80,75,76,75
9596382508,02105025,09/09/2009,73,72,72,73,73,72,72,73,72,74,129,172,202,219,225,238,238,240,237,239,243,242,240,235,240,239,227,226,224,221,214,207,209,198,182,168,164,150,149,146,108,100,96,99,79,75,75,76
9596382508,02105025,09/08/2009,73,73,73,72,74,73,73,72,73,75,126,173,207,221,228,243,249,255,251,245,245,241,234,232,242,239,222,224,224,220,217,215,214,196,174,168,164,153,152,147,108,102,98,99,77,73,73,73
9596382508,02105025,09/07/2009,76,75,73,74,73,74,73,73,75,75,127,155,176,185,186,195,194,195,188,184,184,184,185,185,195,195,185,187,186,186,186,187,195,193,190,188,186,174,172,167,116,112,102,101,79,73,74,73
9596382508,02105025,09/06/2009,75,72,74,74,73,74,73,73,75,75,127,152,174,185,184,184,182,183,183,183,184,184,134,119,120,119,120,118,120,120,119,119,120,119,121,120,120,123,122,121,119,115,102,101,78,75,76,75
9596382508,02105025,09/05/2009,73,74,73,74,73,73,72,73,73,76,93,93,112,118,118,127,128,127,123,119,119,119,119,120,128,126,120,120,121,120,122,123,130,130,131,131,130,122,122,120,118,116,100,100,79,75,76,76
9596382508,02105025,09/04/2009,77,77,77,78,77,77,77,76,76,80,134,166,197,205,204,217,219,222,219,215,216,210,210,212,218,214,205,204,202,202,201,196,194,183,174,167,166,154,154,150,110,102,98,100,79,74,75,73
9596382508,02105025,09/03/2009,73,73,74,73,73,73,73,73,73,75,126,142,176,204,205,218,223,227,230,222,222,221,222,221,227,227,219,218,216,212,206,195,193,186,172,165,162,151,151,147,112,103,100,102,81,77,77,77
9596382508,02105025,09/02/2009,72,73,73,73,73,73,73,73,73,75,134,161,188,198,200,213,220,222,223,219,219,220,219,219,226,222,215,215,215,210,207,198,198,190,173,163,158,146,145,141,106,98,93,97,78,74,73,74
9596382508,02105025,09/01/2009,74,75,73,74,74,74,73,73,74,76,127,160,185,198,193,205,210,214,214,216,217,217,218,218,228,225,219,217,217,211,208,201,203,191,174,166,161,150,148,144,107,100,96,98,78,74,73,73
