1	1	2005	50.3
1	2	2005	44.4
1	3	2005	48.1
1	4	2005	58.7
1	5	2005	46.6
1	6	2005	40.5
1	7	2005	44.3
1	8	2005	44.1
1	9	2005	40.6
1	10	2005	41.9
1	11	2005	45.4
1	12	2005	45.7
1	13	2005	52.6
1	14	2005	52.7
1	15	2005	34.6
1	16	2005	32.7
1	17	2005	27
1	18	2005	18.6
1	19	2005	20.3
1	20	2005	30.4
1	21	2005	27
1	22	2005	19.5
1	23	2005	19.4
1	24	2005	18.8
1	25	2005	30
1	26	2005	36.1
1	27	2005	26.5
1	28	2005	19.3
1	29	2005	25.3
1	30	2005	30.8
1	31	2005	31.3
2	1	2005	30.6
2	2	2005	32.5
2	3	2005	34.1
2	4	2005	38.2
2	5	2005	43.1
2	6	2005	41.7
2	7	2005	44
2	8	2005	46.8
2	9	2005	50.2
2	10	2005	44.9
2	11	2005	33.2
2	12	2005	38.7
2	13	2005	42
2	14	2005	40.5
2	15	2005	46.8
2	16	2005	50.2
2	17	2005	40.2
2	18	2005	30.8
2	19	2005	28.1
2	20	2005	34.8
2	21	2005	43
2	22	2005	43.9
2	23	2005	42.4
2	24	2005	33.1
2	25	2005	29.9
2	26	2005	34.9
2	27	2005	34.9
2	28	2005	32.7
3	1	2005	33.9
3	2	2005	33.7
3	3	2005	30.3
3	4	2005	33.3
3	5	2005	39.7
3	6	2005	42.1
3	7	2005	53.1
3	8	2005	45.4
3	9	2005	27.7
3	10	2005	31.7
3	11	2005	40.1
3	12	2005	40.6
3	13	2005	41.8
3	14	2005	40.4
3	15	2005	38.9
3	16	2005	41.9
3	17	2005	42.4
3	18	2005	43
3	19	2005	47.7
3	20	2005	49.5
3	21	2005	47
3	22	2005	44.8
3	23	2005	45.6
3	24	2005	42.7
3	25	2005	45.1
3	26	2005	45.5
3	27	2005	45.9
3	28	2005	46.5
3	29	2005	53.7
3	30	2005	54.2
3	31	2005	49.8
4	1	2005	53.4
4	2	2005	52.5
4	3	2005	45.9
4	4	2005	53.5
4	5	2005	55.8
4	6	2005	63.1
4	7	2005	68
4	8	2005	61.4
4	9	2005	55.8
4	10	2005	56.3
4	11	2005	60.3
4	12	2005	50.1
4	13	2005	52.5
4	14	2005	53.1
4	15	2005	51.3
4	16	2005	50.5
4	17	2005	55.7
4	18	2005	64.4
4	19	2005	67.5
4	20	2005	70.8
4	21	2005	66.6
4	22	2005	53.3
4	23	2005	57.7
4	24	2005	47.6
4	25	2005	50.2
4	26	2005	57
4	27	2005	61.8
4	28	2005	58.7
4	29	2005	55.5
4	30	2005	59.8
5	1	2005	59.3
5	2	2005	54.7
5	3	2005	50.3
5	4	2005	55.2
5	5	2005	54.7
5	6	2005	53.4
5	7	2005	56.1
5	8	2005	64.5
5	9	2005	66.1
5	10	2005	64.1
5	11	2005	65.8
5	12	2005	71.2
5	13	2005	60.3
5	14	2005	64.3
5	15	2005	66.6
5	16	2005	63.3
5	17	2005	60.7
5	18	2005	64
5	19	2005	63.4
5	20	2005	56.7
5	21	2005	58.9
5	22	2005	64.9
5	23	2005	61.6
5	24	2005	57.2
5	25	2005	55.4
5	26	2005	64.6
5	27	2005	72.6
5	28	2005	67.4
5	29	2005	66.7
5	30	2005	66.2
5	31	2005	67.6
6	1	2005	68.5
6	2	2005	63.3
6	3	2005	62.6
6	4	2005	68
6	5	2005	74.1
6	6	2005	78.9
6	7	2005	75.8
6	8	2005	79.9
6	9	2005	80.2
6	10	2005	79.1
6	11	2005	79.5
6	12	2005	78.6
6	13	2005	81.5
6	14	2005	82.3
6	15	2005	83.2
6	16	2005	78.5
6	17	2005	71.2
6	18	2005	71.3
6	19	2005	71.5
6	20	2005	66.7
6	21	2005	70.1
6	22	2005	73.9
6	23	2005	72.9
6	24	2005	75.7
6	25	2005	79.7
6	26	2005	80.4
6	27	2005	79.5
6	28	2005	82.3
6	29	2005	78.3
6	30	2005	76.7
7	1	2005	82.7
7	2	2005	81.7
7	3	2005	78.8
7	4	2005	79.4
7	5	2005	80.4
7	6	2005	78
7	7	2005	79.1
7	8	2005	72.9
7	9	2005	77.1
7	10	2005	79.7
7	11	2005	80.3
7	12	2005	83
7	13	2005	80.3
7	14	2005	79
7	15	2005	78.2
7	16	2005	81
7	17	2005	80.6
7	18	2005	83.2
7	19	2005	84.2
7	20	2005	83.3
7	21	2005	83.7
7	22	2005	82.4
7	23	2005	81
7	24	2005	77.1
7	25	2005	80.5
7	26	2005	87.2
7	27	2005	87.4
7	28	2005	76.2
7	29	2005	75.4
7	30	2005	77.1
7	31	2005	76.7
8	1	2005	78.4
8	2	2005	82.1
8	3	2005	84.7
8	4	2005	85.9
8	5	2005	85.8
8	6	2005	82.7
8	7	2005	81.2
8	8	2005	80.6
8	9	2005	73.4
8	10	2005	77.3
8	11	2005	82.2
8	12	2005	85
8	13	2005	85.9
8	14	2005	85.6
8	15	2005	84.4
8	16	2005	77.9
8	17	2005	76.2
8	18	2005	78.6
8	19	2005	74.6
8	20	2005	78.8
8	21	2005	85
8	22	2005	80.8
8	23	2005	76.4
8	24	2005	75.9
8	25	2005	73.8
8	26	2005	73.3
8	27	2005	70.4
8	28	2005	76.6
8	29	2005	78.3
8	30	2005	79.3
8	31	2005	82.3
9	1	2005	77.5
9	2	2005	79
9	3	2005	77
9	4	2005	73.7
9	5	2005	73.9
9	6	2005	72.5
9	7	2005	71.4
9	8	2005	72.4
9	9	2005	74.5
9	10	2005	75.4
9	11	2005	73.3
9	12	2005	73.2
9	13	2005	75.1
9	14	2005	79.1
9	15	2005	80.8
9	16	2005	80.6
9	17	2005	80
9	18	2005	77.2
9	19	2005	76.2
9	20	2005	78.4
9	21	2005	76
9	22	2005	73.8
9	23	2005	79.5
9	24	2005	72.9
9	25	2005	71.1
9	26	2005	74.5
9	27	2005	72.2
9	28	2005	67.3
9	29	2005	69
9	30	2005	60.8
10	1	2005	63.2
10	2	2005	67.6
10	3	2005	68.2
10	4	2005	70.1
10	5	2005	71.9
10	6	2005	72.6
10	7	2005	72.8
10	8	2005	70.3
10	9	2005	59.5
10	10	2005	62.6
10	11	2005	63.5
10	12	2005	62.6
10	13	2005	57.9
10	14	2005	63.1
10	15	2005	66.8
10	16	2005	61.5
10	17	2005	59.7
10	18	2005	62.2
10	19	2005	63.1
10	20	2005	61.1
10	21	2005	54.1
10	22	2005	54.4
10	23	2005	54.6
10	24	2005	53.5
10	25	2005	46
10	26	2005	47.7
10	27	2005	48.9
10	28	2005	48.1
10	29	2005	46.1
10	30	2005	52.9
10	31	2005	53.1
11	1	2005	56.2
11	2	2005	56
11	3	2005	51.8
11	4	2005	55.5
11	5	2005	59.9
11	6	2005	61.8
11	7	2005	62.2
11	8	2005	54
11	9	2005	57.3
11	10	2005	58.8
11	11	2005	46.1
11	12	2005	47.4
11	13	2005	54.4
11	14	2005	60.3
11	15	2005	59.8
11	16	2005	65.6
11	17	2005	42.2
11	18	2005	33.7
11	19	2005	38.2
11	20	2005	44.8
11	21	2005	47.2
11	22	2005	45.7
11	23	2005	37
11	24	2005	39.2
11	25	2005	27.9
11	26	2005	34.6
11	27	2005	42.9
11	28	2005	53.8
11	29	2005	64.1
11	30	2005	52.8
12	1	2005	39.1
12	2	2005	38
12	3	2005	31
12	4	2005	40.3
12	5	2005	37.4
12	6	2005	32.4
12	7	2005	32.1
12	8	2005	28.2
12	9	2005	32.7
12	10	2005	31.3
12	11	2005	36
12	12	2005	37.6
12	13	2005	28.4
12	14	2005	22.7
12	15	2005	28.3
12	16	2005	40.5
12	17	2005	38.5
12	18	2005	37.7
12	19	2005	35
12	20	2005	30.2
12	21	2005	31.1
12	22	2005	33.3
12	23	2005	36.3
12	24	2005	43.1
12	25	2005	37.9
12	26	2005	41.6
12	27	2005	41.7
12	28	2005	40.2
12	29	2005	47.8
12	30	2005	44.6
12	31	2005	41.2
1	1	2006	44.3
1	2	2006	38.7
1	3	2006	43.2
1	4	2006	40.3
1	5	2006	44.5
1	6	2006	40.5
1	7	2006	31.6
1	8	2006	37.5
1	9	2006	50.8
1	10	2006	47.8
1	11	2006	43.8
1	12	2006	47.7
1	13	2006	46.7
1	14	2006	51.8
1	15	2006	33.6
1	16	2006	35.7
1	17	2006	37.4
1	18	2006	50.8
1	19	2006	38.9
1	20	2006	47
1	21	2006	53
1	22	2006	40.2
1	23	2006	38.4
1	24	2006	40.9
1	25	2006	40.8
1	26	2006	34
1	27	2006	34.6
1	28	2006	41.1
1	29	2006	48
1	30	2006	51.8
1	31	2006	47.6
2	1	2006	42.1
2	2	2006	43.2
2	3	2006	52.8
2	4	2006	50.1
2	5	2006	44.4
2	6	2006	37.4
2	7	2006	37.7
2	8	2006	33
2	9	2006	32.7
2	10	2006	33.7
2	11	2006	36.4
2	12	2006	31.9
2	13	2006	30.9
2	14	2006	35.2
2	15	2006	43.6
2	16	2006	49.3
2	17	2006	54.6
2	18	2006	37
2	19	2006	20.7
2	20	2006	31.2
2	21	2006	37.2
2	22	2006	37.4
2	23	2006	42
2	24	2006	41.6
2	25	2006	38.3
2	26	2006	33.2
2	27	2006	29.6
2	28	2006	37.8
3	1	2006	41
3	2	2006	41.6
3	3	2006	39.4
3	4	2006	35.7
3	5	2006	41.1
3	6	2006	42.4
3	7	2006	41
3	8	2006	41.2
3	9	2006	51.1
3	10	2006	66.4
3	11	2006	61.2
3	12	2006	60.8
3	13	2006	64.9
3	14	2006	65.1
3	15	2006	45.8
3	16	2006	47.5
3	17	2006	48.4
3	18	2006	40.4
3	19	2006	40.9
3	20	2006	42.3
3	21	2006	36.6
3	22	2006	38.1
3	23	2006	41.1
3	24	2006	44.3
3	25	2006	44.7
3	26	2006	43.8
3	27	2006	47.9
3	28	2006	50.5
3	29	2006	54.6
3	30	2006	54.7
3	31	2006	60.3
4	1	2006	67.1
4	2	2006	60.3
4	3	2006	59.8
4	4	2006	52.5
4	5	2006	49.4
4	6	2006	52.6
4	7	2006	59.4
4	8	2006	56.7
4	9	2006	44.6
4	10	2006	51.5
4	11	2006	57.7
4	12	2006	61.3
4	13	2006	67.5
4	14	2006	66.1
4	15	2006	70.8
4	16	2006	66.3
4	17	2006	56
4	18	2006	55.8
4	19	2006	63.3
4	20	2006	67.4
4	21	2006	63.4
4	22	2006	59.5
4	23	2006	57.2
4	24	2006	63.3
4	25	2006	63.7
4	26	2006	53.6
4	27	2006	57.3
4	28	2006	59.6
4	29	2006	56.6
4	30	2006	56.1
5	1	2006	58.6
5	2	2006	61.3
5	3	2006	68.4
5	4	2006	69.8
5	5	2006	71.6
5	6	2006	69.5
5	7	2006	59.2
5	8	2006	53.7
5	9	2006	59.3
5	10	2006	58.7
5	11	2006	64.5
5	12	2006	60.3
5	13	2006	61.7
5	14	2006	60.3
5	15	2006	61.1
5	16	2006	59.9
5	17	2006	61.2
5	18	2006	61.7
5	19	2006	59.9
5	20	2006	63.4
5	21	2006	62.7
5	22	2006	59.4
5	23	2006	56.1
5	24	2006	62.3
5	25	2006	65
5	26	2006	70.1
5	27	2006	72.5
5	28	2006	75.2
5	29	2006	76.3
5	30	2006	80.2
5	31	2006	79.7
6	1	2006	79.9
6	2	2006	76.7
6	3	2006	71.9
6	4	2006	69
6	5	2006	66.9
6	6	2006	69.5
6	7	2006	72.6
6	8	2006	72.9
6	9	2006	72.2
6	10	2006	66.4
6	11	2006	66.1
6	12	2006	64.8
6	13	2006	69.9
6	14	2006	69.4
6	15	2006	73.5
6	16	2006	74.3
6	17	2006	75.7
6	18	2006	79.9
6	19	2006	78.8
6	20	2006	76.6
6	21	2006	80
6	22	2006	81
6	23	2006	78.9
6	24	2006	77.2
6	25	2006	74.2
6	26	2006	74.7
6	27	2006	75.5
6	28	2006	77.4
6	29	2006	76.7
6	30	2006	74.7
7	1	2006	75.9
7	2	2006	78.7
7	3	2006	79.3
7	4	2006	81.6
7	5	2006	75.2
7	6	2006	72.3
7	7	2006	71.1
7	8	2006	72.7
7	9	2006	74
7	10	2006	76.4
7	11	2006	80.6
7	12	2006	81.6
7	13	2006	77.4
7	14	2006	80.7
7	15	2006	80
7	16	2006	82.8
7	17	2006	84.9
7	18	2006	86.5
7	19	2006	82.5
7	20	2006	81.4
7	21	2006	82.6
7	22	2006	80.6
7	23	2006	75.4
7	24	2006	77
7	25	2006	77.8
7	26	2006	79.5
7	27	2006	82.3
7	28	2006	84.5
7	29	2006	83.3
7	30	2006	85.2
7	31	2006	87.2
8	1	2006	88.2
8	2	2006	90.4
8	3	2006	90.7
8	4	2006	87.2
8	5	2006	82.3
8	6	2006	81.5
8	7	2006	81.7
8	8	2006	82.7
8	9	2006	77.4
8	10	2006	73.8
8	11	2006	74.9
8	12	2006	73
8	13	2006	72.9
8	14	2006	77.1
8	15	2006	81.1
8	16	2006	80.2
8	17	2006	78.3
8	18	2006	77
8	19	2006	79.2
8	20	2006	82.6
8	21	2006	77.7
8	22	2006	78.4
8	23	2006	80.6
8	24	2006	80.7
8	25	2006	82.3
8	26	2006	81.6
8	27	2006	80.6
8	28	2006	84.2
8	29	2006	83.1
8	30	2006	76.8
8	31	2006	71.5
9	1	2006	65.6
9	2	2006	64.4
9	3	2006	68.4
9	4	2006	71.5
9	5	2006	65.4
9	6	2006	68
9	7	2006	71
9	8	2006	72.6
9	9	2006	74.2
9	10	2006	73.4
9	11	2006	67.2
9	12	2006	64.8
9	13	2006	64.2
9	14	2006	64.8
9	15	2006	66.3
9	16	2006	68.6
9	17	2006	70.3
9	18	2006	72.3
9	19	2006	72.4
9	20	2006	64.9
9	21	2006	59.6
9	22	2006	60.5
9	23	2006	70.5
9	24	2006	75.1
9	25	2006	70.2
9	26	2006	66.3
9	27	2006	65.6
9	28	2006	66.7
9	29	2006	59.2
9	30	2006	57.6
10	1	2006	63.7
10	2	2006	63
10	3	2006	68.2
10	4	2006	71.5
10	5	2006	68.1
10	6	2006	55
10	7	2006	52.9
10	8	2006	60.2
10	9	2006	62.6
10	10	2006	66.4
10	11	2006	64.2
10	12	2006	65.6
10	13	2006	48.4
10	14	2006	49.8
10	15	2006	50.1
10	16	2006	52.4
10	17	2006	58.2
10	18	2006	66.2
10	19	2006	64.2
10	20	2006	63.9
10	21	2006	52.5
10	22	2006	51.6
10	23	2006	50.1
10	24	2006	44.7
10	25	2006	46.6
10	26	2006	46.2
10	27	2006	48.1
10	28	2006	57.2
10	29	2006	49.8
10	30	2006	50.6
10	31	2006	57.6
11	1	2006	60.3
11	2	2006	53.6
11	3	2006	41.5
11	4	2006	37.8
11	5	2006	42.1
11	6	2006	45.2
11	7	2006	46.4
11	8	2006	57
11	9	2006	61.8
11	10	2006	59.2
11	11	2006	61.2
11	12	2006	54.4
11	13	2006	50.2
11	14	2006	56.3
11	15	2006	55.5
11	16	2006	62.4
11	17	2006	55.3
11	18	2006	45
11	19	2006	44.4
11	20	2006	42.9
11	21	2006	40.8
11	22	2006	42
11	23	2006	42.8
11	24	2006	50.5
11	25	2006	45.9
11	26	2006	47.6
11	27	2006	48.9
11	28	2006	49.7
11	29	2006	52.3
11	30	2006	62
12	1	2006	65.3
12	2	2006	47.3
12	3	2006	39.9
12	4	2006	38.1
12	5	2006	34.4
12	6	2006	39
12	7	2006	45.8
12	8	2006	29.1
12	9	2006	28.1
12	10	2006	37.4
12	11	2006	45.1
12	12	2006	44.8
12	13	2006	48
12	14	2006	46.7
12	15	2006	47
12	16	2006	50
12	17	2006	45.5
12	18	2006	54.7
12	19	2006	49.7
12	20	2006	40.5
12	21	2006	42.1
12	22	2006	46.9
12	23	2006	55.9
12	24	2006	48.1
12	25	2006	41.6
12	26	2006	49
12	27	2006	44.7
12	28	2006	40.6
12	29	2006	44.1
12	30	2006	42
12	31	2006	42.3
1	1	2007	48.1
1	2	2007	46.9
1	3	2007	42.1
1	4	2007	48.9
1	5	2007	54.8
1	6	2007	62.2
1	7	2007	53.3
1	8	2007	48.6
1	9	2007	39.8
1	10	2007	35.6
1	11	2007	33.2
1	12	2007	42.8
1	13	2007	51.9
1	14	2007	56.5
1	15	2007	59.4
1	16	2007	52.6
1	17	2007	30.2
1	18	2007	30.1
1	19	2007	37.6
1	20	2007	33.8
1	21	2007	26.9
1	22	2007	31.2
1	23	2007	36.1
1	24	2007	35.7
1	25	2007	35.6
1	26	2007	24.1
1	27	2007	35.1
1	28	2007	41
1	29	2007	27.9
1	30	2007	29.5
1	31	2007	28.5
2	1	2007	31.1
2	2	2007	34.1
2	3	2007	32.3
2	4	2007	29.3
2	5	2007	19.5
2	6	2007	16.4
2	7	2007	23
2	8	2007	23
2	9	2007	24.6
2	10	2007	27.4
2	11	2007	26.4
2	12	2007	33
2	13	2007	32.8
2	14	2007	29.3
2	15	2007	21.9
2	16	2007	21.9
2	17	2007	26.1
2	18	2007	32
2	19	2007	25.1
2	20	2007	40.1
2	21	2007	45.7
2	22	2007	43.5
2	23	2007	37.3
2	24	2007	32
2	25	2007	34.4
2	26	2007	34.9
2	27	2007	39.9
2	28	2007	40.9
3	1	2007	42.6
3	2	2007	55.2
3	3	2007	49.4
3	4	2007	38.8
3	5	2007	36.7
3	6	2007	28.4
3	7	2007	27.3
3	8	2007	28.2
3	9	2007	34.7
3	10	2007	44.6
3	11	2007	53.2
3	12	2007	45.9
3	13	2007	52
3	14	2007	62.1
3	15	2007	61.1
3	16	2007	39.1
3	17	2007	32.1
3	18	2007	36
3	19	2007	41.2
3	20	2007	57.1
3	21	2007	43.1
3	22	2007	54
3	23	2007	64
3	24	2007	54.5
3	25	2007	54.5
3	26	2007	50.2
3	27	2007	66.8
3	28	2007	67.4
3	29	2007	54.2
3	30	2007	51.5
3	31	2007	54.3
4	1	2007	52.8
4	2	2007	63.4
4	3	2007	66.5
4	4	2007	51.9
4	5	2007	44.2
4	6	2007	39.7
4	7	2007	37.2
4	8	2007	36.2
4	9	2007	39.8
4	10	2007	43.3
4	11	2007	45.3
4	12	2007	50
4	13	2007	50.5
4	14	2007	48.1
4	15	2007	46.2
4	16	2007	44.6
4	17	2007	48.3
4	18	2007	48.7
4	19	2007	51.4
4	20	2007	56.1
4	21	2007	60
4	22	2007	65.2
4	23	2007	67.5
4	24	2007	72.5
4	25	2007	67.5
4	26	2007	57.6
4	27	2007	56.2
4	28	2007	63.1
4	29	2007	63.5
4	30	2007	69.3
5	1	2007	69.4
5	2	2007	69.3
5	3	2007	61.8
5	4	2007	61.2
5	5	2007	59.1
5	6	2007	56.1
5	7	2007	55.1
5	8	2007	58.9
5	9	2007	68.2
5	10	2007	71.7
5	11	2007	74.3
5	12	2007	73.4
5	13	2007	63.9
5	14	2007	61.1
5	15	2007	69.9
5	16	2007	74.6
5	17	2007	64.3
5	18	2007	57.9
5	19	2007	60.3
5	20	2007	67.8
5	21	2007	68.4
5	22	2007	65.9
5	23	2007	67.4
5	24	2007	67.9
5	25	2007	71.4
5	26	2007	77.7
5	27	2007	78
5	28	2007	75.4
5	29	2007	76.5
5	30	2007	74.7
5	31	2007	77
6	1	2007	78.1
6	2	2007	78.4
6	3	2007	71.9
6	4	2007	71.9
6	5	2007	75.1
6	6	2007	70.7
6	7	2007	72
6	8	2007	79.9
6	9	2007	79.9
6	10	2007	73
6	11	2007	74.9
6	12	2007	76.2
6	13	2007	71.5
6	14	2007	64.8
6	15	2007	64.7
6	16	2007	69.7
6	17	2007	76.2
6	18	2007	82.3
6	19	2007	83.3
6	20	2007	79.3
6	21	2007	75.4
6	22	2007	73.4
6	23	2007	71.6
6	24	2007	74
6	25	2007	78.4
6	26	2007	82.5
6	27	2007	84.1
6	28	2007	83.4
6	29	2007	76
6	30	2007	76.6
7	1	2007	74.5
7	2	2007	71.4
7	3	2007	72
7	4	2007	75.8
7	5	2007	78.1
7	6	2007	79.6
7	7	2007	81.6
7	8	2007	83.4
7	9	2007	85.9
7	10	2007	82.9
7	11	2007	78.6
7	12	2007	76.2
7	13	2007	78.4
7	14	2007	77.1
7	15	2007	81.6
7	16	2007	81.6
7	17	2007	81.8
7	18	2007	82.5
7	19	2007	81.9
7	20	2007	77.8
7	21	2007	75.9
7	22	2007	76.3
7	23	2007	77.1
7	24	2007	75.8
7	25	2007	76.3
7	26	2007	79.9
7	27	2007	80.6
7	28	2007	78.4
7	29	2007	78.2
7	30	2007	76.8
7	31	2007	80.9
8	1	2007	82.7
8	2	2007	83.1
8	3	2007	83
8	4	2007	84.7
8	5	2007	83.5
8	6	2007	80.1
8	7	2007	86.4
8	8	2007	89.4
8	9	2007	86.7
8	10	2007	81.8
8	11	2007	77.4
8	12	2007	78.6
8	13	2007	82.9
8	14	2007	80.2
8	15	2007	78.8
8	16	2007	81.2
8	17	2007	82.6
8	18	2007	78.3
8	19	2007	72.8
8	20	2007	68.1
8	21	2007	67.8
8	22	2007	66.2
8	23	2007	71.1
8	24	2007	78.2
8	25	2007	83.6
8	26	2007	77.9
8	27	2007	78.1
8	28	2007	77.2
8	29	2007	77.1
8	30	2007	77.1
8	31	2007	77.9
9	1	2007	73.9
9	2	2007	73.4
9	3	2007	73.6
9	4	2007	79.3
9	5	2007	79.2
9	6	2007	79.1
9	7	2007	79.2
9	8	2007	79.1
9	9	2007	77.2
9	10	2007	82
9	11	2007	75.8
9	12	2007	72.9
9	13	2007	70.6
9	14	2007	73.1
9	15	2007	67.6
9	16	2007	59.9
9	17	2007	61
9	18	2007	64.1
9	19	2007	66.2
9	20	2007	67.6
9	21	2007	71.5
9	22	2007	75.6
9	23	2007	76.6
9	24	2007	70.9
9	25	2007	72.5
9	26	2007	76.2
9	27	2007	77.7
9	28	2007	73
9	29	2007	67.8
9	30	2007	66.4
10	1	2007	67.4
10	2	2007	69.1
10	3	2007	72.7
10	4	2007	74
10	5	2007	73.5
10	6	2007	74.2
10	7	2007	76.6
10	8	2007	76.3
10	9	2007	79.6
10	10	2007	76.6
10	11	2007	63.1
10	12	2007	60.3
10	13	2007	60.7
10	14	2007	61.6
10	15	2007	63
10	16	2007	66.6
10	17	2007	69.6
10	18	2007	71.4
10	19	2007	74.6
10	20	2007	66.9
10	21	2007	64.8
10	22	2007	67.6
10	23	2007	73.3
10	24	2007	69.7
10	25	2007	56.1
10	26	2007	58.4
10	27	2007	65.7
10	28	2007	57.1
10	29	2007	49.8
10	30	2007	51.7
10	31	2007	55.3
11	1	2007	60
11	2	2007	52.9
11	3	2007	53.7
11	4	2007	54.9
11	5	2007	51.5
11	6	2007	53.3
11	7	2007	46.7
11	8	2007	42
11	9	2007	43.1
11	10	2007	45
11	11	2007	43.9
11	12	2007	48.8
11	13	2007	54.7
11	14	2007	55.8
11	15	2007	55.6
11	16	2007	44.8
11	17	2007	43.2
11	18	2007	49.1
11	19	2007	45.4
11	20	2007	49.1
11	21	2007	57.3
11	22	2007	62.8
11	23	2007	44.2
11	24	2007	37.3
11	25	2007	43.7
11	26	2007	50.3
11	27	2007	57.6
11	28	2007	45.5
11	29	2007	45.6
11	30	2007	44.8
12	1	2007	40.4
12	2	2007	40
12	3	2007	46.2
12	4	2007	37.7
12	5	2007	32.1
12	6	2007	29.2
12	7	2007	31.6
12	8	2007	40
12	9	2007	42.4
12	10	2007	45.6
12	11	2007	46.4
12	12	2007	53.9
12	13	2007	43.7
12	14	2007	44.7
12	15	2007	38.4
12	16	2007	41.1
12	17	2007	36.9
12	18	2007	33.2
12	19	2007	39.3
12	20	2007	39.3
12	21	2007	39.9
12	22	2007	43.1
12	23	2007	49.5
12	24	2007	47.7
12	25	2007	44.6
12	26	2007	39
12	27	2007	44.5
12	28	2007	43.9
12	29	2007	49.9
12	30	2007	43.2
12	31	2007	40.8
1	1	2008	45.2
1	2	2008	34.5
1	3	2008	27.5
1	4	2008	29.3
1	5	2008	35.3
1	6	2008	43.4
1	7	2008	53.7
1	8	2008	58.4
1	9	2008	62
1	10	2008	47.6
1	11	2008	47.9
1	12	2008	48.6
1	13	2008	42.6
1	14	2008	43
1	15	2008	35.8
1	16	2008	36.5
1	17	2008	36.6
1	18	2008	37.8
1	19	2008	39.3
1	20	2008	29
1	21	2008	23.5
1	22	2008	32.6
1	23	2008	41
1	24	2008	34.8
1	25	2008	29.3
1	26	2008	33.4
1	27	2008	36.8
1	28	2008	39
1	29	2008	41
1	30	2008	48.7
1	31	2008	36.8
2	1	2008	39.3
2	2	2008	41.8
2	3	2008	42.3
2	4	2008	47
2	5	2008	49.2
2	6	2008	62.8
2	7	2008	55.4
2	8	2008	42.9
2	9	2008	46
2	10	2008	45.7
2	11	2008	24.1
2	12	2008	28.2
2	13	2008	35.3
2	14	2008	34.5
2	15	2008	42.1
2	16	2008	41.4
2	17	2008	40.5
2	18	2008	58.3
2	19	2008	44.1
2	20	2008	32.9
2	21	2008	28.3
2	22	2008	32.6
2	23	2008	37.2
2	24	2008	36.8
2	25	2008	43
2	26	2008	45.2
2	27	2008	42.5
2	28	2008	29.1
2	29	2008	33.6
3	1	2008	47.9
3	2	2008	41
3	3	2008	50.5
3	4	2008	62.3
3	5	2008	57.5
3	6	2008	44.3
3	7	2008	45.2
3	8	2008	51.1
3	9	2008	36.9
3	10	2008	41.2
3	11	2008	46.1
3	12	2008	48.7
3	13	2008	47
3	14	2008	53.7
3	15	2008	55.3
3	16	2008	49.4
3	17	2008	42.7
3	18	2008	48.4
3	19	2008	56.5
3	20	2008	54.5
3	21	2008	47.2
3	22	2008	47.3
3	23	2008	42
3	24	2008	44.4
3	25	2008	43.3
3	26	2008	57
3	27	2008	55.3
3	28	2008	58.2
3	29	2008	46.5
3	30	2008	43.2
3	31	2008	46.5
4	1	2008	59.5
4	2	2008	55.2
4	3	2008	46.2
4	4	2008	48
4	5	2008	59.2
4	6	2008	50.5
4	7	2008	46.4
4	8	2008	48.9
4	9	2008	53.9
4	10	2008	60
4	11	2008	67.2
4	12	2008	69.7
4	13	2008	55.7
4	14	2008	49.3
4	15	2008	51.7
4	16	2008	55.9
4	17	2008	60.3
4	18	2008	68
4	19	2008	69.5
4	20	2008	65
4	21	2008	61.5
4	22	2008	61.3
4	23	2008	64.2
4	24	2008	67.7
4	25	2008	68
4	26	2008	71.9
4	27	2008	58.1
4	28	2008	56.1
4	29	2008	56.5
4	30	2008	53.9
5	1	2008	55.7
5	2	2008	66.5
5	3	2008	70.5
5	4	2008	69.1
5	5	2008	63
5	6	2008	66.6
5	7	2008	69.2
5	8	2008	70.9
5	9	2008	63.9
5	10	2008	58
5	11	2008	56.8
5	12	2008	50.8
5	13	2008	58.8
5	14	2008	62.5
5	15	2008	68.6
5	16	2008	66.1
5	17	2008	63.4
5	18	2008	65.7
5	19	2008	61.2
5	20	2008	57.1
5	21	2008	60.4
5	22	2008	60.9
5	23	2008	61.4
5	24	2008	66.4
5	25	2008	67.7
5	26	2008	70.3
5	27	2008	75.6
5	28	2008	67.9
5	29	2008	64.8
5	30	2008	70.5
5	31	2008	74.9
6	1	2008	75.9
6	2	2008	71.5
6	3	2008	71.9
6	4	2008	73.1
6	5	2008	75.7
6	6	2008	74.9
6	7	2008	82.6
6	8	2008	84.2
6	9	2008	87.4
6	10	2008	86.4
6	11	2008	79.6
6	12	2008	81.3
6	13	2008	80.5
6	14	2008	79
6	15	2008	76.9
6	16	2008	76.5
6	17	2008	71.1
6	18	2008	69.8
6	19	2008	68.2
6	20	2008	72.1
6	21	2008	76.1
6	22	2008	76.3
6	23	2008	75.6
6	24	2008	73
6	25	2008	77.7
6	26	2008	81.4
6	27	2008	84
6	28	2008	80.2
6	29	2008	81.1
6	30	2008	79.6
7	1	2008	73
7	2	2008	77
7	3	2008	79.8
7	4	2008	80.2
7	5	2008	75.4
7	6	2008	77
7	7	2008	78.1
7	8	2008	80.2
7	9	2008	79.5
7	10	2008	82.1
7	11	2008	80.5
7	12	2008	82.6
7	13	2008	81.8
7	14	2008	77.3
7	15	2008	79.9
7	16	2008	82.3
7	17	2008	83.6
7	18	2008	84.3
7	19	2008	84.2
7	20	2008	85.9
7	21	2008	85.1
7	22	2008	84.4
7	23	2008	82.9
7	24	2008	75
7	25	2008	78.7
7	26	2008	80.3
7	27	2008	80.4
7	28	2008	78.2
7	29	2008	81.7
7	30	2008	83.7
7	31	2008	83.7
8	1	2008	83.7
8	2	2008	81.3
8	3	2008	78.6
8	4	2008	80
8	5	2008	81.2
8	6	2008	83.3
8	7	2008	80.2
8	8	2008	76.7
8	9	2008	75
8	10	2008	75.7
8	11	2008	72.4
8	12	2008	75
8	13	2008	77.7
8	14	2008	76.4
8	15	2008	75.1
8	16	2008	76.1
8	17	2008	78.1
8	18	2008	79.6
8	19	2008	82.6
8	20	2008	76.1
8	21	2008	76.3
8	22	2008	76.7
8	23	2008	76.4
8	24	2008	79.3
8	25	2008	81.2
8	26	2008	77
8	27	2008	73.8
8	28	2008	71.7
8	29	2008	72.8
8	30	2008	77.7
8	31	2008	81.2
9	1	2008	77
9	2	2008	78.4
9	3	2008	81.6
9	4	2008	83.6
9	5	2008	81.3
9	6	2008	77
9	7	2008	75.3
9	8	2008	77.7
9	9	2008	77.2
9	10	2008	73.4
9	11	2008	73.5
9	12	2008	74.6
9	13	2008	81.4
9	14	2008	82.3
9	15	2008	82.9
9	16	2008	72.4
9	17	2008	69.2
9	18	2008	71.6
9	19	2008	69
9	20	2008	65.1
9	21	2008	67.8
9	22	2008	71.5
9	23	2008	70.5
9	24	2008	66
9	25	2008	63.4
9	26	2008	64.8
9	27	2008	73.2
9	28	2008	72.6
9	29	2008	70.7
9	30	2008	67.9
10	1	2008	65.2
10	2	2008	59.9
10	3	2008	61.2
10	4	2008	65.6
10	5	2008	66.1
10	6	2008	63.3
10	7	2008	58.5
10	8	2008	59.5
10	9	2008	69
10	10	2008	69.5
10	11	2008	65.3
10	12	2008	65.4
10	13	2008	66.1
10	14	2008	67.8
10	15	2008	73.3
10	16	2008	70.1
10	17	2008	61.3
10	18	2008	54.1
10	19	2008	51.2
10	20	2008	49.8
10	21	2008	52.9
10	22	2008	50.4
10	23	2008	47.1
10	24	2008	50.3
10	25	2008	60.2
10	26	2008	53.9
10	27	2008	49.1
10	28	2008	45.6
10	29	2008	45.6
10	30	2008	44.1
10	31	2008	46.7
11	1	2008	54.2
11	2	2008	54.3
11	3	2008	51.8
11	4	2008	54.9
11	5	2008	58.9
11	6	2008	61.2
11	7	2008	63.2
11	8	2008	59.7
11	9	2008	54.4
11	10	2008	47.5
11	11	2008	41.4
11	12	2008	46.5
11	13	2008	48.4
11	14	2008	53.1
11	15	2008	61.2
11	16	2008	48.9
11	17	2008	40.9
11	18	2008	36.1
11	19	2008	32.6
11	20	2008	39
11	21	2008	36.7
11	22	2008	30.9
11	23	2008	33.5
11	24	2008	38.2
11	25	2008	44.6
11	26	2008	39.3
11	27	2008	38
11	28	2008	41
11	29	2008	40.4
11	30	2008	40.1
12	1	2008	45.2
12	2	2008	40.4
12	3	2008	38.1
12	4	2008	43.6
12	5	2008	38.4
12	6	2008	30.2
12	7	2008	32.2
12	8	2008	26.8
12	9	2008	38.7
12	10	2008	56.2
12	11	2008	47.3
12	12	2008	40.5
12	13	2008	33.7
12	14	2008	37.2
12	15	2008	50.4
12	16	2008	46.8
12	17	2008	38.8
12	18	2008	41.6
12	19	2008	41.5
12	20	2008	39.1
12	21	2008	34.2
12	22	2008	24.6
12	23	2008	23.6
12	24	2008	39.3
12	25	2008	49.8
12	26	2008	35.1
12	27	2008	44.8
12	28	2008	58.9
12	29	2008	48.5
12	30	2008	45.8
12	31	2008	39.7
1	1	2009	28.1
1	2	2009	33.7
1	3	2009	38.7
1	4	2009	35.9
1	5	2009	42.1
1	6	2009	37
1	7	2009	35.3
1	8	2009	37.8
1	9	2009	32.5
1	10	2009	34.9
1	11	2009	36.7
1	12	2009	32
1	13	2009	33.2
1	14	2009	29.2
1	15	2009	26
1	16	2009	15.6
1	17	2009	14.4
1	18	2009	30.7
1	19	2009	30.3
1	20	2009	25.5
1	21	2009	25.1
1	22	2009	28.5
1	23	2009	35.2
1	24	2009	41.3
1	25	2009	25.8
1	26	2009	28
1	27	2009	29.4
1	28	2009	30.8
1	29	2009	34
1	30	2009	32.2
1	31	2009	28.5
2	1	2009	39.4
2	2	2009	45.3
2	3	2009	36
2	4	2009	30.1
2	5	2009	21.7
2	6	2009	26.8
2	7	2009	37.9
2	8	2009	53.1
2	9	2009	43
2	10	2009	45.9
2	11	2009	57.5
2	12	2009	58.2
2	13	2009	47.1
2	14	2009	39.5
2	15	2009	37.6
2	16	2009	35.8
2	17	2009	33.6
2	18	2009	36.2
2	19	2009	44.2
2	20	2009	29.7
2	21	2009	33.8
2	22	2009	37.8
2	23	2009	31.6
2	24	2009	28.8
2	25	2009	35.1
2	26	2009	42.7
2	27	2009	52.5
2	28	2009	45.2
3	1	2009	34.6
3	2	2009	24.3
3	3	2009	20.8
3	4	2009	28.3
3	5	2009	35.4
3	6	2009	47.9
3	7	2009	56
3	8	2009	63.2
3	9	2009	61.7
3	10	2009	45
3	11	2009	52.1
3	12	2009	46.1
3	13	2009	39
3	14	2009	39.2
3	15	2009	41.1
3	16	2009	45.6
3	17	2009	45.2
3	18	2009	47.7
3	19	2009	52.4
3	20	2009	44.5
3	21	2009	39.9
3	22	2009	46.1
3	23	2009	45.7
3	24	2009	39.4
3	25	2009	42.5
3	26	2009	45.2
3	27	2009	52
3	28	2009	50.3
3	29	2009	55.9
3	30	2009	51.3
3	31	2009	48.6
4	1	2009	51.1
4	2	2009	54.8
4	3	2009	61.7
4	4	2009	57.2
4	5	2009	57.6
4	6	2009	58.8
4	7	2009	44.5
4	8	2009	45.1
4	9	2009	51.6
4	10	2009	57.4
4	11	2009	55.7
4	12	2009	47.6
4	13	2009	46.4
4	14	2009	47.1
4	15	2009	46.5
4	16	2009	49.7
4	17	2009	56.3
4	18	2009	61.7
4	19	2009	61
4	20	2009	53.5
4	21	2009	57.5
4	22	2009	51.6
4	23	2009	54
4	24	2009	57.6
4	25	2009	68.1
4	26	2009	75.8
4	27	2009	74.8
4	28	2009	75.9
4	29	2009	63.1
4	30	2009	55
5	1	2009	65.7
5	2	2009	66.4
5	3	2009	59.4
5	4	2009	55.4
5	5	2009	55.2
5	6	2009	58.5
5	7	2009	64.9
5	8	2009	65
5	9	2009	73
5	10	2009	69.3
5	11	2009	59.7
5	12	2009	57.1
5	13	2009	60.5
5	14	2009	65.5
5	15	2009	69.8
5	16	2009	70.6
5	17	2009	63.4
5	18	2009	56.7
5	19	2009	57.4
5	20	2009	61.6
5	21	2009	65.4
5	22	2009	69.7
5	23	2009	74.1
5	24	2009	73.5
5	25	2009	73.4
5	26	2009	65.5
5	27	2009	62.9
5	28	2009	70.9
5	29	2009	72.2
5	30	2009	69.7
5	31	2009	70.3
6	1	2009	66.1
6	2	2009	72.3
6	3	2009	73.7
6	4	2009	63.7
6	5	2009	61.7
6	6	2009	65.6
6	7	2009	69.4
6	8	2009	74.2
6	9	2009	74.7
6	10	2009	70.6
6	11	2009	72.9
6	12	2009	77.3
6	13	2009	77.2
6	14	2009	74.8
6	15	2009	73.7
6	16	2009	72.7
6	17	2009	65.3
6	18	2009	71
6	19	2009	74.1
6	20	2009	76.3
6	21	2009	76
6	22	2009	75.5
6	23	2009	76.4
6	24	2009	76.7
6	25	2009	80.2
6	26	2009	79.1
6	27	2009	75.7
6	28	2009	73.9
6	29	2009	75.4
6	30	2009	75.8
7	1	2009	75.2
7	2	2009	73
7	3	2009	70.8
7	4	2009	73.8
7	5	2009	71.9
7	6	2009	72
7	7	2009	77.4
7	8	2009	75.9
7	9	2009	73.3
7	10	2009	71.9
7	11	2009	74.3
7	12	2009	80.1
7	13	2009	79
7	14	2009	75.6
7	15	2009	76.9
7	16	2009	82.3
7	17	2009	79.4
7	18	2009	74.7
7	19	2009	73.5
7	20	2009	75.6
7	21	2009	76.1
7	22	2009	78.7
7	23	2009	78
7	24	2009	75.7
7	25	2009	79.3
7	26	2009	78
7	27	2009	79
7	28	2009	80.5
7	29	2009	80.5
7	30	2009	78.3
7	31	2009	79.4
8	1	2009	77.8
8	2	2009	76.3
8	3	2009	78.5
8	4	2009	80.2
8	5	2009	80.7
8	6	2009	75.2
8	7	2009	74.2
8	8	2009	76.8
8	9	2009	82.8
8	10	2009	86.6
8	11	2009	83.4
8	12	2009	80.7
8	13	2009	78.9
8	14	2009	77.7
8	15	2009	79.6
8	16	2009	80.6
8	17	2009	80.9
8	18	2009	82.7
8	19	2009	80.8
8	20	2009	80.6
8	21	2009	83.9
8	22	2009	76.5
8	23	2009	77.2
8	24	2009	77.6
8	25	2009	77.4
8	26	2009	79.5
8	27	2009	81.3
8	28	2009	76.4
8	29	2009	76.7
8	30	2009	77.8
8	31	2009	70.1
9	1	2009	67.4
9	2	2009	67.6
9	3	2009	69.7
9	4	2009	72.8
9	5	2009	75.6
9	6	2009	74.6
9	7	2009	70.3
9	8	2009	69
9	9	2009	70.4
9	10	2009	68.5
9	11	2009	63.2
9	12	2009	66.8
9	13	2009	71.5
9	14	2009	73.3
9	15	2009	74.6
9	16	2009	72.1
9	17	2009	66.1
9	18	2009	68.3
9	19	2009	69.3
9	20	2009	65.3
9	21	2009	67.8
9	22	2009	72.1
9	23	2009	75.9
9	24	2009	78.7
9	25	2009	71.3
9	26	2009	64.2
9	27	2009	66.5
9	28	2009	67.6
9	29	2009	63.2
9	30	2009	61.3
10	1	2009	57.6
10	2	2009	62
10	3	2009	69.2
10	4	2009	64.1
10	5	2009	62.8
10	6	2009	61.5
10	7	2009	67.5
10	8	2009	60.7
10	9	2009	69.4
10	10	2009	70.7
10	11	2009	57.8
10	12	2009	54
10	13	2009	58.5
10	14	2009	50.8
10	15	2009	47.1
10	16	2009	44.1
10	17	2009	44.8
10	18	2009	45.4
10	19	2009	48.4
10	20	2009	51.9
10	21	2009	58.5
10	22	2009	59.8
10	23	2009	60.7
10	24	2009	66.7
10	25	2009	58.1
10	26	2009	53.4
10	27	2009	56
10	28	2009	62.1
10	29	2009	59.7
10	30	2009	56.4
10	31	2009	61.8
11	1	2009	55.4
11	2	2009	54.6
11	3	2009	53
11	4	2009	48.8
11	5	2009	50.6
11	6	2009	47.3
11	7	2009	46
11	8	2009	56.3
11	9	2009	56.9
11	10	2009	58.5
11	11	2009	52.8
11	12	2009	45.7
11	13	2009	52.2
11	14	2009	55.9
11	15	2009	59
11	16	2009	57.7
11	17	2009	52.7
11	18	2009	51.1
11	19	2009	56.2
11	20	2009	56.7
11	21	2009	50.5
11	22	2009	49.6
11	23	2009	48.5
11	24	2009	49.7
11	25	2009	52.8
11	26	2009	48.4
11	27	2009	46.2
11	28	2009	44.7
11	29	2009	47
11	30	2009	53.3
12	1	2009	44.1
12	2	2009	46.2
12	3	2009	58.8
12	4	2009	47
12	5	2009	41.3
12	6	2009	34.4
12	7	2009	37
12	8	2009	40.4
12	9	2009	43.5
12	10	2009	44.2
12	11	2009	31.5
12	12	2009	34.1
12	13	2009	37.5
12	14	2009	40.1
12	15	2009	48.2
12	16	2009	39.3
12	17	2009	32.2
12	18	2009	31.8
12	19	2009	28.1
12	20	2009	30.4
12	21	2009	32.9
12	22	2009	36
12	23	2009	35.1
12	24	2009	31
12	25	2009	34.2
12	26	2009	46.6
12	27	2009	41.7
12	28	2009	37.3
12	29	2009	32.4
12	30	2009	27.6
12	31	2009	33.5
1	1	2010	37.4
1	2	2010	28.6
1	3	2010	21.5
1	4	2010	27.2
1	5	2010	30.3
1	6	2010	31.9
1	7	2010	32.8
1	8	2010	29.9
1	9	2010	28.4
1	10	2010	26
1	11	2010	27
1	12	2010	31.7
1	13	2010	34
1	14	2010	36
1	15	2010	39.2
1	16	2010	41.5
1	17	2010	40.6
1	18	2010	46
1	19	2010	43.5
1	20	2010	40.9
1	21	2010	37.8
1	22	2010	38.3
1	23	2010	38.7
1	24	2010	39.3
1	25	2010	58.6
1	26	2010	43.7
1	27	2010	37.7
1	28	2010	41.1
1	29	2010	25.4
1	30	2010	21
1	31	2010	22.3
2	1	2010	29.3
2	2	2010	32.8
2	3	2010	35.4
2	4	2010	36.6
2	5	2010	34.9
2	6	2010	29.6
2	7	2010	23.4
2	8	2010	27
2	9	2010	28.9
2	10	2010	27
2	11	2010	32.4
2	12	2010	32.9
2	13	2010	31.3
2	14	2010	31.2
2	15	2010	30.7
2	16	2010	32.6
2	17	2010	31.4
2	18	2010	38
2	19	2010	39.9
2	20	2010	39.6
2	21	2010	40.7
2	22	2010	40.6
2	23	2010	39
2	24	2010	41.3
2	25	2010	39.2
2	26	2010	34.2
2	27	2010	37.5
2	28	2010	40.4
3	1	2010	42.1
3	2	2010	40.9
3	3	2010	38.7
3	4	2010	41.3
3	5	2010	42
3	6	2010	42.8
3	7	2010	47.4
3	8	2010	49
3	9	2010	52.6
3	10	2010	51.9
3	11	2010	53.3
3	12	2010	53.1
3	13	2010	51.7
3	14	2010	50.5
3	15	2010	48.6
3	16	2010	51.6
3	17	2010	53.9
3	18	2010	56.7
3	19	2010	58.3
3	20	2010	59.1
3	21	2010	60.9
3	22	2010	62
3	23	2010	51.3
3	24	2010	55.2
3	25	2010	58.4
3	26	2010	52.3
3	27	2010	41.1
3	28	2010	46.8
3	29	2010	54
3	30	2010	51.7
3	31	2010	57
4	1	2010	59.9
4	2	2010	62.7
4	3	2010	59.2
4	4	2010	64.7
4	5	2010	66.8
4	6	2010	73.5
4	7	2010	77.5
4	8	2010	77.2
4	9	2010	56.6
4	10	2010	52.5
4	11	2010	59.3
4	12	2010	64.9
4	13	2010	54.7
4	14	2010	52.4
4	15	2010	57.2
4	16	2010	70.1
4	17	2010	64.1
4	18	2010	49.1
4	19	2010	54.4
4	20	2010	57.8
4	21	2010	56.1
4	22	2010	60
4	23	2010	63.2
4	24	2010	58.4
4	25	2010	60.5
4	26	2010	56.7
4	27	2010	58.8
4	28	2010	51.1
4	29	2010	57.6
4	30	2010	64.6
5	1	2010	72.3
5	2	2010	77.7
5	3	2010	78
5	4	2010	75.6
5	5	2010	72.7
5	6	2010	75.5
5	7	2010	68.8
5	8	2010	71.6
5	9	2010	57
5	10	2010	54.3
5	11	2010	53.6
5	12	2010	64.2
5	13	2010	56.9
5	14	2010	69
5	15	2010	73
5	16	2010	68.2
5	17	2010	61.5
5	18	2010	54.9
5	19	2010	57.9
5	20	2010	66.9
5	21	2010	71.6
5	22	2010	71.1
5	23	2010	69.9
5	24	2010	70.1
5	25	2010	71.7
5	26	2010	75.5
5	27	2010	81.2
5	28	2010	73.3
5	29	2010	70.9
5	30	2010	77.8
5	31	2010	80.6
6	1	2010	79.4
6	2	2010	79.6
6	3	2010	80.2
6	4	2010	77.7
6	5	2010	81.8
6	6	2010	81.4
6	7	2010	71.9
6	8	2010	70.1
6	9	2010	70.1
6	10	2010	78.9
6	11	2010	77.2
6	12	2010	79
6	13	2010	81.5
6	14	2010	83.2
6	15	2010	76.8
6	16	2010	75.2
6	17	2010	79.8
6	18	2010	76.1
6	19	2010	79.2
6	20	2010	84.7
6	21	2010	85
6	22	2010	85
6	23	2010	84.8
6	24	2010	88.6
6	25	2010	84.1
6	26	2010	83.5
6	27	2010	87.1
6	28	2010	86.1
6	29	2010	85.3
6	30	2010	75.9
7	1	2010	73
7	2	2010	73.4
7	3	2010	75.2
7	4	2010	79.8
7	5	2010	85.8
7	6	2010	90
7	7	2010	91.5
7	8	2010	88.4
7	9	2010	83.6
7	10	2010	78.1
7	11	2010	80.8
7	12	2010	79.1
7	13	2010	78.2
7	14	2010	78.1
7	15	2010	83.7
7	16	2010	86.2
7	17	2010	85.8
7	18	2010	85.2
7	19	2010	84.3
7	20	2010	84.1
7	21	2010	82.1
7	22	2010	87.1
7	23	2010	87.4
7	24	2010	91.5
7	25	2010	89.4
7	26	2010	81.4
7	27	2010	80.9
7	28	2010	82.3
7	29	2010	83.9
7	30	2010	78.7
7	31	2010	78.1
8	1	2010	74.6
8	2	2010	75.4
8	3	2010	78.9
8	4	2010	83.5
8	5	2010	82.6
8	6	2010	80.2
8	7	2010	79.4
8	8	2010	80
8	9	2010	82.9
8	10	2010	86.5
8	11	2010	88.8
8	12	2010	83.7
8	13	2010	76.1
8	14	2010	75.6
8	15	2010	76.2
8	16	2010	80.6
8	17	2010	83.8
8	18	2010	75.8
8	19	2010	77.7
8	20	2010	80.9
8	21	2010	81.8
8	22	2010	81.4
8	23	2010	79
8	24	2010	72.4
8	25	2010	73
8	26	2010	77.4
8	27	2010	75
8	28	2010	77.1
8	29	2010	79.6
8	30	2010	83.4
8	31	2010	83.2
9	1	2010	85
9	2	2010	84.2
9	3	2010	82.6
9	4	2010	79.5
9	5	2010	72.5
9	6	2010	73.1
9	7	2010	78.9
9	8	2010	84
9	9	2010	73.9
9	10	2010	69
9	11	2010	69.1
9	12	2010	68.2
9	13	2010	70.3
9	14	2010	74.2
9	15	2010	72.6
9	16	2010	75.3
9	17	2010	74.2
9	18	2010	68.4
9	19	2010	71.4
9	20	2010	73.9
9	21	2010	68.5
9	22	2010	76.8
9	23	2010	81
9	24	2010	82.7
9	25	2010	82.4
9	26	2010	71.9
9	27	2010	70.6
9	28	2010	75.6
9	29	2010	66.5
9	30	2010	72.1
10	1	2010	68
10	2	2010	62.7
10	3	2010	59.6
10	4	2010	54.3
10	5	2010	54.8
10	6	2010	56.6
10	7	2010	61.9
10	8	2010	66.7
10	9	2010	66.9
10	10	2010	65.1
10	11	2010	72.7
10	12	2010	70.8
10	13	2010	63.2
10	14	2010	57.6
10	15	2010	57.3
10	16	2010	58.8
10	17	2010	60.6
10	18	2010	61.3
10	19	2010	57.6
10	20	2010	56
10	21	2010	58.3
10	22	2010	54.8
10	23	2010	53.8
10	24	2010	62.2
10	25	2010	65.4
10	26	2010	67.7
10	27	2010	71.6
10	28	2010	70.8
10	29	2010	55.4
10	30	2010	49.5
10	31	2010	55.6
11	1	2010	49.5
11	2	2010	44.9
11	3	2010	47.5
11	4	2010	51.5
11	5	2010	50.3
11	6	2010	46.3
11	7	2010	44.8
11	8	2010	50.1
11	9	2010	54.2
11	10	2010	54.4
11	11	2010	52.8
11	12	2010	49.7
11	13	2010	50.5
11	14	2010	50.7
11	15	2010	51.7
11	16	2010	53.6
11	17	2010	59.6
11	18	2010	50.1
11	19	2010	47.6
11	20	2010	48.8
11	21	2010	50.3
11	22	2010	52.8
11	23	2010	58.7
11	24	2010	50.3
11	25	2010	46.7
11	26	2010	53.8
11	27	2010	41.5
11	28	2010	41
11	29	2010	41.1
11	30	2010	53
12	1	2010	56.3
12	2	2010	38.1
12	3	2010	38.2
12	4	2010	35.8
12	5	2010	36.7
12	6	2010	34
12	7	2010	31.2
12	8	2010	30.1
12	9	2010	30.6
12	10	2010	32.7
12	11	2010	36.4
12	12	2010	40.8
12	13	2010	35.2
12	14	2010	24.5
12	15	2010	25.2
12	16	2010	24.6
12	17	2010	29.5
12	18	2010	30
12	19	2010	32.8
12	20	2010	30.9
12	21	2010	33.6
12	22	2010	37.6
12	23	2010	36.9
12	24	2010	35.1
12	25	2010	34
12	26	2010	31.6
12	27	2010	30.9
12	28	2010	35.5
12	29	2010	39.7
12	30	2010	36.3
12	31	2010	39.2
1	1	2011	43.8
1	2	2011	51.6
1	3	2011	35.2
1	4	2011	32.9
1	5	2011	37
1	6	2011	33.7
1	7	2011	34
1	8	2011	31.7
1	9	2011	27.6
1	10	2011	29.1
1	11	2011	30.8
1	12	2011	31.1
1	13	2011	31
1	14	2011	29.6
1	15	2011	34.2
1	16	2011	39.1
1	17	2011	32.1
1	18	2011	32.4
1	19	2011	39.9
1	20	2011	40.6
1	21	2011	34.8
1	22	2011	21.4
1	23	2011	23.9
1	24	2011	23.4
1	25	2011	34.1
1	26	2011	35.5
1	27	2011	34.9
1	28	2011	32.8
1	29	2011	34.3
1	30	2011	33.8
1	31	2011	33.2
2	1	2011	31.7
2	2	2011	39.1
2	3	2011	33.5
2	4	2011	33.8
2	5	2011	36.1
2	6	2011	41.5
2	7	2011	39.4
2	8	2011	38.8
2	9	2011	27.3
2	10	2011	29
2	11	2011	30.6
2	12	2011	34.8
2	13	2011	40.9
2	14	2011	54
2	15	2011	41.7
2	16	2011	41.9
2	17	2011	52.6
2	18	2011	61.1
2	19	2011	56.5
2	20	2011	40.8
2	21	2011	45.1
2	22	2011	31.9
2	23	2011	34.1
2	24	2011	40.4
2	25	2011	49.8
2	26	2011	41.1
2	27	2011	44.7
2	28	2011	52.1
3	1	2011	41.8
3	2	2011	44.5
3	3	2011	36.1
3	4	2011	37.3
3	5	2011	47.8
3	6	2011	53.4
3	7	2011	38.6
3	8	2011	41.7
3	9	2011	41.9
3	10	2011	50
3	11	2011	46
3	12	2011	43.5
3	13	2011	51.9
3	14	2011	44.4
3	15	2011	44.2
3	16	2011	46.6
3	17	2011	53.1
3	18	2011	60
3	19	2011	62.1
3	20	2011	46.7
3	21	2011	51.2
3	22	2011	57.1
3	23	2011	48.5
3	24	2011	42.8
3	25	2011	39.1
3	26	2011	39.9
3	27	2011	38.6
3	28	2011	38.6
3	29	2011	42.3
3	30	2011	44.7
3	31	2011	39.2
4	1	2011	42.6
4	2	2011	44
4	3	2011	48.5
4	4	2011	62.2
4	5	2011	59.9
4	6	2011	48.5
4	7	2011	55.9
4	8	2011	48.4
4	9	2011	45.2
4	10	2011	52.6
4	11	2011	65.1
4	12	2011	66
4	13	2011	52.5
4	14	2011	56.9
4	15	2011	57.5
4	16	2011	53.5
4	17	2011	56.3
4	18	2011	61
4	19	2011	62.4
4	20	2011	65.9
4	21	2011	61.1
4	22	2011	48.2
4	23	2011	52.5
4	24	2011	67.8
4	25	2011	69.3
4	26	2011	72.7
4	27	2011	71.7
4	28	2011	72.8
4	29	2011	63.9
4	30	2011	58.2
5	1	2011	56.5
5	2	2011	62.8
5	3	2011	70.9
5	4	2011	57.4
5	5	2011	55.2
5	6	2011	59.2
5	7	2011	61.5
5	8	2011	63.9
5	9	2011	63.3
5	10	2011	63.6
5	11	2011	65.1
5	12	2011	62.9
5	13	2011	62.9
5	14	2011	61.9
5	15	2011	66.5
5	16	2011	67.3
5	17	2011	66.7
5	18	2011	65.7
5	19	2011	63.8
5	20	2011	63.8
5	21	2011	68.9
5	22	2011	70.2
5	23	2011	71.9
5	24	2011	75.3
5	25	2011	75.2
5	26	2011	78.6
5	27	2011	79.6
5	28	2011	73.5
5	29	2011	75.4
5	30	2011	81.8
5	31	2011	85.5
6	1	2011	85.1
6	2	2011	81.6
6	3	2011	72.3
6	4	2011	72.4
6	5	2011	74.5
6	6	2011	76.5
6	7	2011	78.5
6	8	2011	84.1
6	9	2011	88.8
6	10	2011	84.5
6	11	2011	82.4
6	12	2011	78.9
6	13	2011	73.5
6	14	2011	71
6	15	2011	71.3
6	16	2011	73.1
6	17	2011	73.8
6	18	2011	76.7
6	19	2011	79.5
6	20	2011	73.6
6	21	2011	75.7
6	22	2011	81.4
6	23	2011	82
6	24	2011	80.7
6	25	2011	79
6	26	2011	76.8
6	27	2011	77.1
6	28	2011	82.3
6	29	2011	81.4
6	30	2011	78.7
7	1	2011	80.7
7	2	2011	81.7
7	3	2011	82
7	4	2011	79.6
7	5	2011	82.6
7	6	2011	81.7
7	7	2011	82.6
7	8	2011	81.3
7	9	2011	80.3
7	10	2011	83
7	11	2011	84.9
7	12	2011	86
7	13	2011	85.5
7	14	2011	77.4
7	15	2011	75.3
7	16	2011	77
7	17	2011	80
7	18	2011	82.5
7	19	2011	86.4
7	20	2011	84
7	21	2011	88.3
7	22	2011	92.4
7	23	2011	92.6
7	24	2011	90.5
7	25	2011	84.7
7	26	2011	83.9
7	27	2011	86.1
7	28	2011	85.3
7	29	2011	90.5
7	30	2011	89.2
7	31	2011	88.8
8	1	2011	86.6
8	2	2011	84.5
8	3	2011	84.1
8	4	2011	79.7
8	5	2011	79.4
8	6	2011	80.9
8	7	2011	82.7
8	8	2011	83.3
8	9	2011	85.2
8	10	2011	85.2
8	11	2011	81.5
8	12	2011	79.4
8	13	2011	78.5
8	14	2011	77.4
8	15	2011	75.7
8	16	2011	78.2
8	17	2011	80.4
8	18	2011	81.1
8	19	2011	78.7
8	20	2011	76.3
8	21	2011	80.4
8	22	2011	79
8	23	2011	73.9
8	24	2011	75.2
8	25	2011	78.7
8	26	2011	77.4
8	27	2011	77.5
8	28	2011	76.8
8	29	2011	73.8
8	30	2011	73
8	31	2011	74.1
9	1	2011	74.4
9	2	2011	74
9	3	2011	75.3
9	4	2011	78.9
9	5	2011	78.5
9	6	2011	66.6
9	7	2011	67.9
9	8	2011	72.8
9	9	2011	73.7
9	10	2011	74.9
9	11	2011	75.1
9	12	2011	73
9	13	2011	74.2
9	14	2011	76
9	15	2011	72.3
9	16	2011	57.3
9	17	2011	59.9
9	18	2011	60.8
9	19	2011	64.8
9	20	2011	66.2
9	21	2011	68.5
9	22	2011	71.9
9	23	2011	71.3
9	24	2011	70.2
9	25	2011	72.7
9	26	2011	73.8
9	27	2011	73.5
9	28	2011	72.8
9	29	2011	72.1
9	30	2011	67.3
10	1	2011	55.6
10	2	2011	48.1
10	3	2011	49.8
10	4	2011	57.3
10	5	2011	63.7
10	6	2011	61.1
10	7	2011	60.8
10	8	2011	62.8
10	9	2011	64.2
10	10	2011	66.8
10	11	2011	66.8
10	12	2011	65.6
10	13	2011	67.7
10	14	2011	67.6
10	15	2011	61.4
10	16	2011	60.9
10	17	2011	64.6
10	18	2011	63.2
10	19	2011	63.6
10	20	2011	61.6
10	21	2011	54.6
10	22	2011	54.1
10	23	2011	53.1
10	24	2011	56.7
10	25	2011	58.7
10	26	2011	58.7
10	27	2011	60.1
10	28	2011	47
10	29	2011	40.4
10	30	2011	42.1
10	31	2011	45.3
11	1	2011	51.8
11	2	2011	49.5
11	3	2011	52.1
11	4	2011	53.1
11	5	2011	46
11	6	2011	46.2
11	7	2011	50.9
11	8	2011	52.6
11	9	2011	51.5
11	10	2011	51
11	11	2011	45.7
11	12	2011	45.7
11	13	2011	54
11	14	2011	61.6
11	15	2011	65.7
11	16	2011	57.6
11	17	2011	49.5
11	18	2011	40.8
11	19	2011	43.7
11	20	2011	55.2
11	21	2011	57.9
11	22	2011	51.9
11	23	2011	57.5
11	24	2011	49.3
11	25	2011	49.3
11	26	2011	49.3
11	27	2011	55.1
11	28	2011	60
11	29	2011	59.7
11	30	2011	46.5
12	1	2011	43.9
12	2	2011	43.5
12	3	2011	43.4
12	4	2011	44.6
12	5	2011	48.6
12	6	2011	57.3
12	7	2011	55.8
12	8	2011	40.5
12	9	2011	41.3
12	10	2011	42
12	11	2011	35.9
12	12	2011	36.2
12	13	2011	40.4
12	14	2011	43.7
12	15	2011	50.5
12	16	2011	53.3
12	17	2011	41.1
12	18	2011	36.8
12	19	2011	38.3
12	20	2011	50.7
12	21	2011	52.3
12	22	2011	55.7
12	23	2011	50.6
12	24	2011	44.2
12	25	2011	39.6
12	26	2011	45.3
12	27	2011	44
12	28	2011	44.3
12	29	2011	36.9
12	30	2011	42.8
12	31	2011	51.9
1	1	2012	48.4
1	2	2012	44.1
1	3	2012	31.3
1	4	2012	24
1	5	2012	38.6
1	6	2012	44.1
1	7	2012	50.1
1	8	2012	48.8
1	9	2012	37.1
1	10	2012	39.5
1	11	2012	39.9
1	12	2012	48.9
1	13	2012	43.6
1	14	2012	32.6
1	15	2012	31.1
1	16	2012	31.4
1	17	2012	46
1	18	2012	47.3
1	19	2012	32
1	20	2012	36.6
1	21	2012	31.6
1	22	2012	30.9
1	23	2012	33.7
1	24	2012	45.7
1	25	2012	42.8
1	26	2012	45
1	27	2012	54.6
1	28	2012	43.9
1	29	2012	41.9
1	30	2012	40.5
1	31	2012	48.7
2	1	2012	56.7
2	2	2012	53.9
2	3	2012	44.2
2	4	2012	40.7
2	5	2012	39.6
2	6	2012	40.1
2	7	2012	47.1
2	8	2012	40.7
2	9	2012	38.8
2	10	2012	40.8
2	11	2012	39
2	12	2012	27.1
2	13	2012	33.7
2	14	2012	43.5
2	15	2012	47.6
2	16	2012	44.6
2	17	2012	46.1
2	18	2012	46.4
2	19	2012	43.3
2	20	2012	40.3
2	21	2012	41
2	22	2012	49.6
2	23	2012	57
2	24	2012	53.3
2	25	2012	44.4
2	26	2012	40.1
2	27	2012	46.5
2	28	2012	49.8
2	29	2012	45.3
3	1	2012	59.4
3	2	2012	48.2
3	3	2012	52
3	4	2012	47.6
3	5	2012	38.2
3	6	2012	38.2
3	7	2012	49.8
3	8	2012	61.4
3	9	2012	56.8
3	10	2012	42.5
3	11	2012	46
3	12	2012	55.7
3	13	2012	66.3
3	14	2012	67.4
3	15	2012	66.6
3	16	2012	56.3
3	17	2012	60.9
3	18	2012	58.8
3	19	2012	63.8
3	20	2012	66.6
3	21	2012	63.3
3	22	2012	65
3	23	2012	69.4
3	24	2012	63.6
3	25	2012	54.5
3	26	2012	57.6
3	27	2012	44.6
3	28	2012	56.4
3	29	2012	62.2
3	30	2012	49.9
3	31	2012	53.6
4	1	2012	52.5
4	2	2012	55.6
4	3	2012	56.6
4	4	2012	63.7
4	5	2012	57.5
4	6	2012	52
4	7	2012	54.4
4	8	2012	60.3
4	9	2012	60.6
4	10	2012	57
4	11	2012	48.2
4	12	2012	50.4
4	13	2012	55.3
4	14	2012	59.1
4	15	2012	68.9
4	16	2012	75
4	17	2012	72.6
4	18	2012	59.4
4	19	2012	58.9
4	20	2012	62.9
4	21	2012	68.4
4	22	2012	53.6
4	23	2012	45.5
4	24	2012	50.9
4	25	2012	57.5
4	26	2012	60.7
4	27	2012	58.3
4	28	2012	50.9
4	29	2012	55
4	30	2012	57.5
5	1	2012	69.1
5	2	2012	68.3
5	3	2012	64.4
5	4	2012	72.4
5	5	2012	72.4
5	6	2012	66.7
5	7	2012	64.2
5	8	2012	66.8
5	9	2012	70.1
5	10	2012	61.3
5	11	2012	62.3
5	12	2012	66.5
5	13	2012	70.3
5	14	2012	68.1
5	15	2012	70.5
5	16	2012	72.8
5	17	2012	70.4
5	18	2012	66.5
5	19	2012	68.7
5	20	2012	71.7
5	21	2012	69.8
5	22	2012	71.2
5	23	2012	72.4
5	24	2012	74.5
5	25	2012	76.6
5	26	2012	77.6
5	27	2012	78.8
5	28	2012	78.7
5	29	2012	82.7
5	30	2012	75.2
5	31	2012	77.1
6	1	2012	75.6
6	2	2012	68.7
6	3	2012	69.5
6	4	2012	70.3
6	5	2012	64.9
6	6	2012	66
6	7	2012	68.8
6	8	2012	73.1
6	9	2012	79.2
6	10	2012	81.1
6	11	2012	80.7
6	12	2012	75.3
6	13	2012	75.3
6	14	2012	74.1
6	15	2012	73.1
6	16	2012	72.9
6	17	2012	69.6
6	18	2012	66.9
6	19	2012	75.4
6	20	2012	85
6	21	2012	88.3
6	22	2012	87.7
6	23	2012	80.8
6	24	2012	82.6
6	25	2012	81.6
6	26	2012	72.6
6	27	2012	77.5
6	28	2012	82.7
6	29	2012	89.6
6	30	2012	85
7	1	2012	88.6
7	2	2012	87.3
7	3	2012	86.9
7	4	2012	85
7	5	2012	90.3
7	6	2012	90.4
7	7	2012	92.6
7	8	2012	92.4
7	9	2012	80.4
7	10	2012	82.2
7	11	2012	79
7	12	2012	80.3
7	13	2012	81.4
7	14	2012	79.8
7	15	2012	82.8
7	16	2012	83.9
7	17	2012	88.3
7	18	2012	88.9
7	19	2012	85.8
7	20	2012	78.4
7	21	2012	69.8
7	22	2012	73.9
7	23	2012	81.4
7	24	2012	83.6
7	25	2012	81.2
7	26	2012	83.9
7	27	2012	86.7
7	28	2012	86.2
7	29	2012	80
7	30	2012	81.4
7	31	2012	80.5
8	1	2012	79.8
8	2	2012	83
8	3	2012	84.5
8	4	2012	86.9
8	5	2012	86.7
8	6	2012	82.8
8	7	2012	82.3
8	8	2012	82.9
8	9	2012	84.6
8	10	2012	79.8
8	11	2012	79.9
8	12	2012	78.1
8	13	2012	80.5
8	14	2012	80.7
8	15	2012	80.3
8	16	2012	79.8
8	17	2012	81.8
8	18	2012	77.2
8	19	2012	74
8	20	2012	73.5
8	21	2012	73.6
8	22	2012	75.8
8	23	2012	77.5
8	24	2012	79.1
8	25	2012	76.8
8	26	2012	74.5
8	27	2012	77.3
8	28	2012	81.5
8	29	2012	78.2
8	30	2012	78.4
8	31	2012	83.6
9	1	2012	85.2
9	2	2012	79.1
9	3	2012	79.3
9	4	2012	80.7
9	5	2012	82.4
9	6	2012	79.6
9	7	2012	78.3
9	8	2012	78.4
9	9	2012	70.3
9	10	2012	68.8
9	11	2012	67.8
9	12	2012	69.2
9	13	2012	70.7
9	14	2012	72.4
9	15	2012	71.8
9	16	2012	67.9
9	17	2012	67.3
9	18	2012	73.1
9	19	2012	67
9	20	2012	64.2
9	21	2012	68.6
9	22	2012	73.6
9	23	2012	66
9	24	2012	62.3
9	25	2012	63.4
9	26	2012	72.2
9	27	2012	75
9	28	2012	72.4
9	29	2012	65.9
9	30	2012	63.4
10	1	2012	61.8
10	2	2012	67.6
10	3	2012	73.8
10	4	2012	75.7
10	5	2012	71.8
10	6	2012	68.1
10	7	2012	54.5
10	8	2012	49.9
10	9	2012	54
10	10	2012	61.9
10	11	2012	56.4
10	12	2012	55.6
10	13	2012	50.8
10	14	2012	60.1
10	15	2012	67.6
10	16	2012	59.1
10	17	2012	56.4
10	18	2012	61.5
10	19	2012	67.3
10	20	2012	60.2
10	21	2012	57.8
10	22	2012	59
10	23	2012	63.2
10	24	2012	67.9
10	25	2012	66.6
10	26	2012	65.1
10	27	2012	63.4
10	28	2012	60.3
10	29	2012	52.6
10	30	2012	44.3
10	31	2012	46.3
11	1	2012	49
11	2	2012	48.1
11	3	2012	47.2
11	4	2012	45.3
11	5	2012	44.9
11	6	2012	40.9
11	7	2012	42.4
11	8	2012	46
11	9	2012	48.8
11	10	2012	49.5
11	11	2012	53.2
11	12	2012	57.8
11	13	2012	51.3
11	14	2012	41.9
11	15	2012	44
11	16	2012	46.5
11	17	2012	45.5
11	18	2012	45.8
11	19	2012	49.9
11	20	2012	49.6
11	21	2012	47.9
11	22	2012	46.7
11	23	2012	46.9
11	24	2012	44.8
11	25	2012	37.7
11	26	2012	42.3
11	27	2012	43.4
11	28	2012	41.8
11	29	2012	41
11	30	2012	42.1
12	1	2012	42.6
12	2	2012	44.9
12	3	2012	56
12	4	2012	57.9
12	5	2012	58.1
12	6	2012	40.5
12	7	2012	42.2
12	8	2012	50
12	9	2012	50.6
12	10	2012	53.1
12	11	2012	51.1
12	12	2012	42.9
12	13	2012	42.8
12	14	2012	40.5
12	15	2012	44.1
12	16	2012	48.2
12	17	2012	50.3
12	18	2012	53.9
12	19	2012	45.9
12	20	2012	45.4
12	21	2012	46.9
12	22	2012	40.9
12	23	2012	37.5
12	24	2012	36.8
12	25	2012	40.5
12	26	2012	37.8
12	27	2012	39.5
12	28	2012	38.8
12	29	2012	38
12	30	2012	39.9
12	31	2012	34.5
1	1	2013	41.4
1	2	2013	38
1	3	2013	33
1	4	2013	36.2
1	5	2013	39.3
1	6	2013	42.1
1	7	2013	46
1	8	2013	40.1
1	9	2013	41.7
1	10	2013	49.8
1	11	2013	43.5
1	12	2013	45.5
1	13	2013	47.4
1	14	2013	54.5
1	15	2013	42.8
1	16	2013	39
1	17	2013	43.4
1	18	2013	38.1
1	19	2013	39.7
1	20	2013	48.3
1	21	2013	39.9
1	22	2013	26.7
1	23	2013	21
1	24	2013	23.8
1	25	2013	22.4
1	26	2013	28
1	27	2013	31.7
1	28	2013	35.7
1	29	2013	50.1
1	30	2013	58
1	31	2013	52.2
2	1	2013	31.9
2	2	2013	24.3
2	3	2013	30.9
2	4	2013	31.9
2	5	2013	37.6
2	6	2013	40.4
2	7	2013	36.4
2	8	2013	38.4
2	9	2013	37.3
2	10	2013	35.2
2	11	2013	42.6
2	12	2013	51.8
2	13	2013	41.6
2	14	2013	40.5
2	15	2013	44.9
2	16	2013	39.2
2	17	2013	31.7
2	18	2013	30.1
2	19	2013	40.3
2	20	2013	38.4
2	21	2013	31.2
2	22	2013	33.1
2	23	2013	37.5
2	24	2013	46.5
2	25	2013	38.5
2	26	2013	38.6
2	27	2013	48.1
2	28	2013	46.2
3	1	2013	43.5
3	2	2013	37
3	3	2013	35.2
3	4	2013	36
3	5	2013	40.6
3	6	2013	37.8
3	7	2013	43.2
3	8	2013	43.2
3	9	2013	47.4
3	10	2013	48.8
3	11	2013	50.3
3	12	2013	56.8
3	13	2013	45.2
3	14	2013	39.3
3	15	2013	43.8
3	16	2013	51
3	17	2013	41.1
3	18	2013	38.3
3	19	2013	45.3
3	20	2013	47.2
3	21	2013	39.3
3	22	2013	36.8
3	23	2013	42.7
3	24	2013	41.4
3	25	2013	36.1
3	26	2013	41.4
3	27	2013	45.5
3	28	2013	44.5
3	29	2013	48.8
3	30	2013	50.5
3	31	2013	50.2
4	1	2013	52.9
4	2	2013	45.1
4	3	2013	44.1
4	4	2013	40.4
4	5	2013	49.1
4	6	2013	49.9
4	7	2013	52.8
4	8	2013	64.8
4	9	2013	72.1
4	10	2013	75.7
4	11	2013	76.2
4	12	2013	61.5
4	13	2013	59.5
4	14	2013	58.8
4	15	2013	60.2
4	16	2013	62.5
4	17	2013	68.5
4	18	2013	66.5
4	19	2013	70
4	20	2013	56.2
4	21	2013	49.8
4	22	2013	49
4	23	2013	52.8
4	24	2013	60
4	25	2013	59.5
4	26	2013	57.9
4	27	2013	60.7
4	28	2013	59.5
4	29	2013	58.3
4	30	2013	58
5	1	2013	59.9
5	2	2013	57.8
5	3	2013	59.1
5	4	2013	57
5	5	2013	54.7
5	6	2013	56.4
5	7	2013	61.6
5	8	2013	63.3
5	9	2013	62.6
5	10	2013	69
5	11	2013	69.7
5	12	2013	63.8
5	13	2013	55.5
5	14	2013	54
5	15	2013	65.8
5	16	2013	75.9
5	17	2013	74.8
5	18	2013	66
5	19	2013	65.5
5	20	2013	72
5	21	2013	73.8
5	22	2013	77.1
5	23	2013	75.7
5	24	2013	63
5	25	2013	55.8
5	26	2013	62.8
5	27	2013	64.7
5	28	2013	70.2
5	29	2013	76.2
5	30	2013	79.6
5	31	2013	79.8
6	1	2013	81.5
6	2	2013	81
6	3	2013	74.8
6	4	2013	71.1
6	5	2013	71.4
6	6	2013	70.5
6	7	2013	70.5
6	8	2013	72.6
6	9	2013	75.3
6	10	2013	75.2
6	11	2013	75.8
6	12	2013	80.2
6	13	2013	79.7
6	14	2013	71.5
6	15	2013	76
6	16	2013	76.8
6	17	2013	79.2
6	18	2013	75.8
6	19	2013	71.4
6	20	2013	72.6
6	21	2013	73.4
6	22	2013	76.2
6	23	2013	77
6	24	2013	80.2
6	25	2013	81.5
6	26	2013	81.7
6	27	2013	76.5
6	28	2013	78
6	29	2013	77.8
6	30	2013	80.2
7	1	2013	78.3
7	2	2013	78.6
7	3	2013	78.6
7	4	2013	81.1
7	5	2013	82.6
7	6	2013	84.3
7	7	2013	83.7
7	8	2013	78.7
7	9	2013	80.3
7	10	2013	82.3
7	11	2013	79
7	12	2013	73.9
7	13	2013	77
7	14	2013	81.4
7	15	2013	84.5
7	16	2013	88.6
7	17	2013	87.3
7	18	2013	87
7	19	2013	88
7	20	2013	86.6
7	21	2013	84.9
7	22	2013	81.7
7	23	2013	82
7	24	2013	80.8
7	25	2013	74.5
7	26	2013	75.4
7	27	2013	77.2
7	28	2013	76.8
7	29	2013	76
7	30	2013	76.2
7	31	2013	76.5
8	1	2013	74.5
8	2	2013	78.1
8	3	2013	76.5
8	4	2013	74.8
8	5	2013	73.1
8	6	2013	72.2
8	7	2013	75.7
8	8	2013	80.3
8	9	2013	84.1
8	10	2013	81.6
8	11	2013	78.7
8	12	2013	81.6
8	13	2013	81.3
8	14	2013	72.2
8	15	2013	70.2
8	16	2013	71.4
8	17	2013	72.3
8	18	2013	71.5
8	19	2013	70.1
8	20	2013	76.6
8	21	2013	79.6
8	22	2013	80.5
8	23	2013	76.4
8	24	2013	73.1
8	25	2013	74.2
8	26	2013	75
8	27	2013	81.9
8	28	2013	79.8
8	29	2013	78.3
8	30	2013	78.8
8	31	2013	80.5
9	1	2013	81.2
9	2	2013	81.5
9	3	2013	81.4
9	4	2013	74.7
9	5	2013	76.7
9	6	2013	70.7
9	7	2013	71.1
9	8	2013	77.4
9	9	2013	73.9
9	10	2013	79.6
9	11	2013	84
9	12	2013	81.1
9	13	2013	74.4
9	14	2013	64.9
9	15	2013	65.7
9	16	2013	68.6
9	17	2013	63.6
9	18	2013	62.2
9	19	2013	66.6
9	20	2013	70.1
9	21	2013	70
9	22	2013	67.9
9	23	2013	62.2
9	24	2013	61.6
9	25	2013	64.3
9	26	2013	66.6
9	27	2013	66.4
9	28	2013	66.1
9	29	2013	64.7
9	30	2013	65.6
10	1	2013	69.9
10	2	2013	74.4
10	3	2013	74.1
10	4	2013	75.9
10	5	2013	77.9
10	6	2013	77.8
10	7	2013	72
10	8	2013	60.9
10	9	2013	60.2
10	10	2013	57.8
10	11	2013	61.3
10	12	2013	64.3
10	13	2013	63.2
10	14	2013	62.9
10	15	2013	63.1
10	16	2013	66
10	17	2013	67.6
10	18	2013	63.8
10	19	2013	58.8
10	20	2013	58.6
10	21	2013	55.8
10	22	2013	58.1
10	23	2013	53.8
10	24	2013	48.3
10	25	2013	47.1
10	26	2013	46.7
10	27	2013	53.6
10	28	2013	52.4
10	29	2013	53.7
10	30	2013	57
10	31	2013	60.7
11	1	2013	67.4
11	2	2013	62.1
11	3	2013	53.8
11	4	2013	43.4
11	5	2013	47.8
11	6	2013	58.6
11	7	2013	57.9
11	8	2013	47.6
11	9	2013	44.7
11	10	2013	52
11	11	2013	49.2
11	12	2013	47.4
11	13	2013	37.7
11	14	2013	40.7
11	15	2013	45.2
11	16	2013	50.4
11	17	2013	56.3
11	18	2013	62.4
11	19	2013	50
11	20	2013	41.9
11	21	2013	41.9
11	22	2013	51.8
11	23	2013	51.1
11	24	2013	32.3
11	25	2013	29.6
11	26	2013	36.8
11	27	2013	41
11	28	2013	34.2
11	29	2013	36.2
11	30	2013	33.9
12	1	2013	37.9
12	2	2013	44.5
12	3	2013	47.1
12	4	2013	47.1
12	5	2013	56.5
12	6	2013	55.9
12	7	2013	41.3
12	8	2013	32.3
12	9	2013	34.3
12	10	2013	35.7
12	11	2013	34.2
12	12	2013	31.8
12	13	2013	33.7
12	14	2013	37.9
12	15	2013	40.7
12	16	2013	36.8
12	17	2013	36.7
12	18	2013	37.8
12	19	2013	41.1
12	20	2013	50.7
12	21	2013	58.6
12	22	2013	65.6
12	23	2013	59.3
12	24	2013	39.8
12	25	2013	27.8
12	26	2013	33.7
12	27	2013	38.2
12	28	2013	40.9
12	29	2013	46.9
12	30	2013	43.6
12	31	2013	38
1	1	2014	37
1	2	2014	37.9
1	3	2014	25.6
1	4	2014	23.6
1	5	2014	35.6
1	6	2014	41.1
1	7	2014	13.7
1	8	2014	20
1	9	2014	32.7
1	10	2014	34.1
1	11	2014	42.3
1	12	2014	50.2
1	13	2014	43.3
1	14	2014	50
1	15	2014	43.1
1	16	2014	39.2
1	17	2014	38.1
1	18	2014	35
1	19	2014	33.5
1	20	2014	45.8
1	21	2014	35.7
1	22	2014	15.4
1	23	2014	18.9
1	24	2014	17.3
1	25	2014	25.7
1	26	2014	29.2
1	27	2014	37.7
1	28	2014	19.7
1	29	2014	18.3
1	30	2014	24.2
1	31	2014	32.9
2	1	2014	39.2
2	2	2014	46.2
2	3	2014	43
2	4	2014	34.6
2	5	2014	35.5
2	6	2014	34.7
2	7	2014	36
2	8	2014	33.2
2	9	2014	32
2	10	2014	31.8
2	11	2014	27.4
2	12	2014	25.4
2	13	2014	32.7
2	14	2014	40.7
2	15	2014	38.4
2	16	2014	32.2
2	17	2014	31.4
2	18	2014	38.4
2	19	2014	45.1
2	20	2014	48.5
2	21	2014	50.5
2	22	2014	46.5
2	23	2014	52
2	24	2014	44.8
2	25	2014	35
2	26	2014	33.3
2	27	2014	31.8
2	28	2014	23
3	1	2014	30.7
3	2	2014	42.2
3	3	2014	29.5
3	4	2014	21.7
3	5	2014	32.5
3	6	2014	32.6
3	7	2014	36.4
3	8	2014	45
3	9	2014	49
3	10	2014	46.7
3	11	2014	54.2
3	12	2014	55.9
3	13	2014	33.5
3	14	2014	39.5
3	15	2014	57.9
3	16	2014	46.5
3	17	2014	29.7
3	18	2014	35.3
3	19	2014	40.3
3	20	2014	49.1
3	21	2014	50
3	22	2014	54
3	23	2014	48.1
3	24	2014	35.1
3	25	2014	34.7
3	26	2014	34.1
3	27	2014	37.4
3	28	2014	53.2
3	29	2014	58.3
3	30	2014	48.2
3	31	2014	51.5
4	1	2014	54.6
4	2	2014	54.4
4	3	2014	59.7
4	4	2014	55.8
4	5	2014	54.1
4	6	2014	49.7
4	7	2014	48.5
4	8	2014	57.8
4	9	2014	56.8
4	10	2014	59.2
4	11	2014	67.7
4	12	2014	66.6
4	13	2014	69
4	14	2014	72.1
4	15	2014	64.5
4	16	2014	41
4	17	2014	46.8
4	18	2014	46.2
4	19	2014	56
4	20	2014	57.8
4	21	2014	55.1
4	22	2014	60.8
4	23	2014	57.8
4	24	2014	54
4	25	2014	58.5
4	26	2014	61.8
4	27	2014	61.3
4	28	2014	57.3
4	29	2014	51
4	30	2014	55.5
5	1	2014	66.8
5	2	2014	64.8
5	3	2014	64.7
5	4	2014	66.5
5	5	2014	58.9
5	6	2014	59.6
5	7	2014	60.8
5	8	2014	66.3
5	9	2014	68.6
5	10	2014	70.6
5	11	2014	71.3
5	12	2014	72.8
5	13	2014	76.9
5	14	2014	65
5	15	2014	71.2
5	16	2014	67.2
5	17	2014	61.5
5	18	2014	61.3
5	19	2014	62.1
5	20	2014	65.7
5	21	2014	70.1
5	22	2014	74.4
5	23	2014	73
5	24	2014	67.5
5	25	2014	72.4
5	26	2014	74.9
5	27	2014	78.5
5	28	2014	76.4
5	29	2014	62
5	30	2014	64.4
5	31	2014	71.8
6	1	2014	68.5
6	2	2014	69.8
6	3	2014	75.5
6	4	2014	80
6	5	2014	74
6	6	2014	72.4
6	7	2014	74.9
6	8	2014	76.1
6	9	2014	77.2
6	10	2014	79.8
6	11	2014	79.3
6	12	2014	74.9
6	13	2014	76.3
6	14	2014	73.3
6	15	2014	71.9
6	16	2014	78.2
6	17	2014	83.7
6	18	2014	87.1
6	19	2014	82
6	20	2014	76.9
6	21	2014	73.5
6	22	2014	74.1
6	23	2014	76.4
6	24	2014	77
6	25	2014	81.2
6	26	2014	81.8
6	27	2014	80.9
6	28	2014	77.9
6	29	2014	78
6	30	2014	79.4
7	1	2014	83.3
7	2	2014	86.9
7	3	2014	81.8
7	4	2014	77
7	5	2014	74.5
7	6	2014	77
7	7	2014	83.1
7	8	2014	86.2
7	9	2014	78
7	10	2014	78
7	11	2014	77.2
7	12	2014	81.1
7	13	2014	83
7	14	2014	82.3
7	15	2014	80.5
7	16	2014	76.1
7	17	2014	75.7
7	18	2014	76.7
7	19	2014	78
7	20	2014	77.3
7	21	2014	77.9
7	22	2014	79.7
7	23	2014	83.2
7	24	2014	79.3
7	25	2014	75.3
7	26	2014	78.6
7	27	2014	79.8
7	28	2014	81.1
7	29	2014	72.3
7	30	2014	70.9
7	31	2014	76.3
8	1	2014	78.2
8	2	2014	74.7
8	3	2014	77.8
8	4	2014	78.2
8	5	2014	81.4
8	6	2014	78.4
8	7	2014	79
8	8	2014	77.1
8	9	2014	77.4
8	10	2014	79.2
8	11	2014	77.4
8	12	2014	74.7
8	13	2014	78.7
8	14	2014	75.1
8	15	2014	73.5
8	16	2014	75.4
8	17	2014	78.1
8	18	2014	79
8	19	2014	78.5
8	20	2014	78.8
8	21	2014	77.7
8	22	2014	78.5
8	23	2014	74.7
8	24	2014	74.3
8	25	2014	75.2
8	26	2014	77.6
8	27	2014	79.1
8	28	2014	81.5
8	29	2014	74.2
8	30	2014	76.2
8	31	2014	83.5
9	1	2014	81.4
9	2	2014	85.1
9	3	2014	81.7
9	4	2014	81
9	5	2014	82.7
9	6	2014	84.8
9	7	2014	76.3
9	8	2014	73.7
9	9	2014	73.4
9	10	2014	75.1
9	11	2014	79.4
9	12	2014	75.3
9	13	2014	69.6
9	14	2014	65.2
9	15	2014	67
9	16	2014	72.1
9	17	2014	68.5
9	18	2014	70.5
9	19	2014	69
9	20	2014	72.4
9	21	2014	73.4
9	22	2014	73
9	23	2014	63.3
9	24	2014	65.2
9	25	2014	65.7
9	26	2014	68.7
9	27	2014	70.7
9	28	2014	71
9	29	2014	69.9
9	30	2014	70.5
10	1	2014	70.3
10	2	2014	68.9
10	3	2014	68.2
10	4	2014	68.5
10	5	2014	54.8
10	6	2014	61.1
10	7	2014	67.5
10	8	2014	69
10	9	2014	66.4
10	10	2014	64
10	11	2014	57.4
10	12	2014	58.7
10	13	2014	63.8
10	14	2014	71.6
10	15	2014	74.5
10	16	2014	63.6
10	17	2014	64.8
10	18	2014	64.5
10	19	2014	56.5
10	20	2014	56.2
10	21	2014	61.4
10	22	2014	56.3
10	23	2014	58.9
10	24	2014	62.7
10	25	2014	61.2
10	26	2014	64.2
10	27	2014	58.6
10	28	2014	64.3
10	29	2014	65.1
10	30	2014	55.4
10	31	2014	52.7
11	1	2014	52.5
11	2	2014	48.9
11	3	2014	52.2
11	4	2014	55.7
11	5	2014	60.3
11	6	2014	58.6
11	7	2014	54.9
11	8	2014	45.3
11	9	2014	51.5
11	10	2014	52.1
11	11	2014	55.8
11	12	2014	63
11	13	2014	46.2
11	14	2014	40
11	15	2014	38.4
11	16	2014	42
11	17	2014	46.4
11	18	2014	36
11	19	2014	29.5
11	20	2014	42.9
11	21	2014	37.2
11	22	2014	36.5
11	23	2014	46.9
11	24	2014	63.4
11	25	2014	59.6
11	26	2014	45.1
11	27	2014	41.5
11	28	2014	38.5
11	29	2014	39.6
11	30	2014	49.4
12	1	2014	59
12	2	2014	42.4
12	3	2014	44.8
12	4	2014	44.3
12	5	2014	43.4
12	6	2014	46.9
12	7	2014	44.8
12	8	2014	37.4
12	9	2014	38.5
12	10	2014	46.3
12	11	2014	40.4
12	12	2014	43.1
12	13	2014	39.8
12	14	2014	43.7
12	15	2014	48.8
12	16	2014	44.8
12	17	2014	49
12	18	2014	40.7
12	19	2014	39
12	20	2014	35.7
12	21	2014	39
12	22	2014	36.2
12	23	2014	42
12	24	2014	48.2
12	25	2014	54.1
12	26	2014	45.2
12	27	2014	45.1
12	28	2014	51.6
12	29	2014	46.6
12	30	2014	41.5
12	31	2014	34.5
1	1	2015	35.1
1	2	2015	41.6
1	3	2015	39.2
1	4	2015	49.7
1	5	2015	46
1	6	2015	28.6
1	7	2015	26.6
1	8	2015	17.3
1	9	2015	31
1	10	2015	26.2
1	11	2015	29
1	12	2015	37.3
1	13	2015	37.5
1	14	2015	29.8
1	15	2015	34.7
1	16	2015	36.9
1	17	2015	34.7
1	18	2015	37.8
1	19	2015	43.9
1	20	2015	38.7
1	21	2015	36.8
1	22	2015	39.8
1	23	2015	38.1
1	24	2015	38.9
1	25	2015	43.5
1	26	2015	40.2
1	27	2015	32.4
1	28	2015	30.9
1	29	2015	32.1
1	30	2015	39.2
1	31	2015	26.7
2	1	2015	33.5
2	2	2015	40.2
2	3	2015	29.5
2	4	2015	37.3
2	5	2015	38.7
2	6	2015	25.6
2	7	2015	36.1
2	8	2015	44.5
2	9	2015	41.5
2	10	2015	35.6
2	11	2015	36.3
2	12	2015	37.2
2	13	2015	22.8
2	14	2015	30.8
2	15	2015	18.9
2	16	2015	14.4
2	17	2015	20.7
2	18	2015	24.4
2	19	2015	19.4
2	20	2015	12.9
2	21	2015	19.8
2	22	2015	38.7
2	23	2015	35.8
2	24	2015	21.6
2	25	2015	29.4
2	26	2015	35.4
2	27	2015	33.3
2	28	2015	26.2
3	1	2015	28.5
3	2	2015	37.8
3	3	2015	33.8
3	4	2015	42.3
3	5	2015	38.3
3	6	2015	23.2
3	7	2015	29.9
3	8	2015	46.3
3	9	2015	47.1
3	10	2015	45.9
3	11	2015	53.3
3	12	2015	52.4
3	13	2015	46.5
3	14	2015	49.5
3	15	2015	53.1
3	16	2015	49.6
3	17	2015	57.2
3	18	2015	43.9
3	19	2015	46
3	20	2015	40.5
3	21	2015	44
3	22	2015	51.5
3	23	2015	44.2
3	24	2015	42.8
3	25	2015	42.5
3	26	2015	57
3	27	2015	51.3
3	28	2015	38.6
3	29	2015	35.7
3	30	2015	50.7
3	31	2015	57.2
4	1	2015	50.1
4	2	2015	56.1
4	3	2015	66.6
4	4	2015	61.4
4	5	2015	54.6
4	6	2015	61.4
4	7	2015	66
4	8	2015	53.2
4	9	2015	46.9
4	10	2015	50.5
4	11	2015	62.7
4	12	2015	58.2
4	13	2015	63.7
4	14	2015	63.3
4	15	2015	59.3
4	16	2015	62.5
4	17	2015	66.6
4	18	2015	71.5
4	19	2015	66.2
4	20	2015	67.1
4	21	2015	64.9
4	22	2015	60.4
4	23	2015	53.6
4	24	2015	50.6
4	25	2015	51
4	26	2015	52.9
4	27	2015	55.9
4	28	2015	58.3
4	29	2015	65.4
4	30	2015	64.9
5	1	2015	59.1
5	2	2015	62.1
5	3	2015	68.6
5	4	2015	70.6
5	5	2015	73.2
5	6	2015	72.1
5	7	2015	71.4
5	8	2015	73.3
5	9	2015	72.7
5	10	2015	76.2
5	11	2015	76
5	12	2015	78.8
5	13	2015	69.3
5	14	2015	61.8
5	15	2015	66.3
5	16	2015	74.1
5	17	2015	75.8
5	18	2015	80.9
5	19	2015	79.8
5	20	2015	71.9
5	21	2015	59.6
5	22	2015	63
5	23	2015	66.4
5	24	2015	68.8
5	25	2015	75.9
5	26	2015	77.5
5	27	2015	79.7
5	28	2015	80.4
5	29	2015	78.6
5	30	2015	80.1
5	31	2015	81.2
6	1	2015	81
6	2	2015	68
6	3	2015	61.1
6	4	2015	62.2
6	5	2015	64.7
6	6	2015	73.3
6	7	2015	73.7
6	8	2015	74.4
6	9	2015	78.7
6	10	2015	78
6	11	2015	80.2
6	12	2015	84.7
6	13	2015	82.9
6	14	2015	85.1
6	15	2015	83.5
6	16	2015	85.6
6	17	2015	80.3
6	18	2015	78.4
6	19	2015	80.4
6	20	2015	82.3
6	21	2015	82.8
6	22	2015	86.7
6	23	2015	86.6
6	24	2015	77.9
6	25	2015	79.6
6	26	2015	75.9
6	27	2015	73.8
6	28	2015	73.5
6	29	2015	74.4
6	30	2015	78.4
7	1	2015	78.3
7	2	2015	75.1
7	3	2015	74.4
7	4	2015	75.6
7	5	2015	77.2
7	6	2015	80.9
7	7	2015	81.6
7	8	2015	82.5
7	9	2015	83.2
7	10	2015	83.1
7	11	2015	81
7	12	2015	79.8
7	13	2015	78.2
7	14	2015	80.8
7	15	2015	81.1
7	16	2015	76.3
7	17	2015	77.2
7	18	2015	81.1
7	19	2015	86