6533151400,02103902,09/01/2010,47,50,46,46,46,46,46,50,72,79,80,82,65,60,58,81,104,117,-,-,-,-,-,-,-,-,-,-,-,-,-,-,-,-,-,-,-,-,-,-,-,-,-,-,-,-,-,-
6533151400,02103902,08/31/2010,45,45,45,45,44,44,44,49,45,46,47,48,44,55,48,68,90,101,117,138,171,189,212,213,226,222,233,233,233,234,233,233,200,187,183,176,152,137,110,69,67,58,57,51,50,51,47,46
6533151400,02103902,08/30/2010,48,48,48,51,48,48,47,56,58,59,58,58,57,57,58,58,70,96,114,136,184,203,212,221,225,230,237,238,236,236,233,226,187,186,184,176,149,128,96,56,57,57,51,55,53,47,45,45
6533151400,02103902,08/29/2010,71,65,48,50,47,48,48,50,47,48,46,51,41,52,43,55,57,91,107,123,157,168,191,205,216,223,229,207,215,223,230,230,232,225,221,205,162,116,89,61,62,63,56,56,49,54,48,52
6533151400,02103902,08/28/2010,35,32,39,26,39,27,36,49,56,51,59,51,48,58,49,45,72,76,98,122,160,177,196,210,221,221,224,230,233,236,241,240,240,236,199,177,149,135,119,84,74,86,81,81,80,78,75,71
6533151400,02103902,08/27/2010,49,42,27,37,28,36,30,50,58,50,53,51,45,54,45,63,65,81,93,109,148,164,174,182,186,192,196,202,206,205,207,200,182,182,171,163,128,112,89,57,57,57,54,39,36,41,31,36
6533151400,02103902,08/26/2010,44,38,43,38,44,39,66,56,71,56,59,63,53,64,60,67,96,91,115,132,156,175,190,191,198,203,203,206,210,214,195,183,166,155,171,162,143,147,114,88,74,81,55,51,51,50,50,50
6533151400,02103902,08/25/2010,31,35,27,36,26,41,46,53,49,50,52,45,54,45,52,56,73,69,90,96,142,150,173,178,186,190,195,197,202,201,187,174,173,171,165,153,126,113,104,84,79,74,64,53,51,47,38,37
6533151400,02103902,08/24/2010,63,58,62,57,61,55,60,56,56,54,55,53,52,56,53,65,78,81,87,105,137,138,165,173,177,179,180,179,182,180,162,157,157,150,150,145,112,95,75,54,51,28,38,30,34,30,32,33
6533151400,02103902,08/23/2010,51,51,51,51,51,47,38,49,39,47,41,46,41,43,43,43,59,91,125,145,170,182,190,195,206,208,212,213,215,212,218,214,212,206,202,187,153,133,110,81,79,79,74,72,72,71,68,51
6533151400,02103902,08/22/2010,65,56,47,46,47,48,44,46,50,46,45,48,45,45,48,43,58,83,118,133,165,183,202,209,217,222,233,245,245,247,243,246,244,244,234,227,188,163,129,90,83,81,61,54,55,52,52,52
6533151400,02103902,08/21/2010,73,74,71,69,69,69,72,69,69,68,67,67,66,66,68,72,82,101,121,140,174,201,221,233,234,239,237,240,244,245,248,245,251,248,218,197,166,145,127,97,97,107,101,96,90,92,90,87
6533151400,02103902,08/20/2010,56,56,56,56,56,56,56,56,57,56,39,55,42,54,45,69,91,104,146,166,197,216,226,235,235,237,236,239,240,244,242,243,243,242,241,230,196,171,147,99,95,91,87,79,73,74,77,71
6533151400,02103902,08/19/2010,50,39,45,44,43,46,43,46,43,46,39,48,36,50,36,61,74,88,103,137,159,179,194,201,210,213,216,194,215,204,231,244,241,243,236,228,223,216,190,139,135,130,83,65,58,57,61,56
6533151400,02103902,08/18/2010,59,57,53,61,54,60,54,62,53,56,55,53,51,50,50,66,80,97,126,139,164,168,172,185,186,191,190,194,196,196,195,192,189,185,177,171,141,122,114,100,97,97,70,52,52,51,51,51
6533151400,02103902,08/17/2010,57,55,53,55,56,52,55,52,51,54,50,50,50,50,55,68,85,111,137,157,185,204,219,221,230,228,231,233,230,232,231,234,233,229,222,215,181,161,141,96,93,93,72,56,62,59,61,54
6533151400,02103902,08/16/2010,43,43,43,43,43,43,43,43,43,42,42,42,32,42,32,44,57,81,113,132,169,183,197,210,216,224,227,238,247,252,247,245,245,238,232,219,193,177,154,108,105,105,72,63,65,54,58,58
6533151400,02103902,08/15/2010,47,45,40,45,41,45,41,44,41,43,39,42,41,41,43,41,54,93,109,133,156,161,175,188,208,216,218,222,222,219,221,223,225,220,217,200,156,134,110,86,80,79,62,54,53,45,47,44
6533151400,02103902,08/14/2010,59,73,59,73,57,70,58,65,62,62,64,59,62,59,65,60,75,95,106,121,147,170,189,203,214,221,223,227,234,235,237,242,242,240,201,179,152,144,119,87,96,92,82,83,69,68,66,72
6533151400,02103902,08/13/2010,48,51,52,48,49,51,46,50,45,45,49,44,43,44,44,56,80,100,136,151,180,189,200,212,218,223,226,231,226,227,226,222,217,213,203,195,158,142,118,84,79,80,64,59,71,64,64,69
6533151400,02103902,08/12/2010,51,50,49,47,48,51,49,50,50,49,49,48,47,48,47,58,79,100,139,164,189,209,214,228,237,238,243,244,245,248,252,247,243,240,236,231,223,219,198,151,143,135,85,67,61,53,55,55
6533151400,02103902,08/11/2010,60,55,54,53,52,51,53,50,50,46,50,49,45,49,49,63,90,115,153,188,222,234,241,246,248,254,258,260,258,260,260,260,256,252,250,242,210,199,188,152,146,144,91,62,60,54,54,52
6533151400,02103902,08/10/2010,51,51,49,44,44,48,43,44,43,43,46,42,42,42,46,58,87,109,147,181,214,231,239,244,249,247,247,250,250,250,253,255,247,242,236,234,202,183,159,118,116,111,78,67,62,60,54,55
6533151400,02103902,08/09/2010,49,45,48,48,45,49,44,47,43,44,45,44,43,43,47,49,61,105,140,157,195,218,226,233,235,243,240,240,243,243,245,242,239,237,228,226,190,175,149,111,109,103,72,64,57,54,53,52
6533151400,02103902,08/08/2010,33,42,29,42,30,41,29,37,31,32,34,29,39,29,41,42,57,95,128,151,174,185,197,213,227,238,239,238,242,242,246,248,249,247,239,229,193,161,132,87,80,81,57,49,51,45,50,45
6533151400,02103902,08/07/2010,52,70,54,67,50,65,52,65,50,60,55,54,60,46,60,51,73,90,114,129,167,184,204,215,221,228,232,237,235,233,237,242,243,237,205,176,152,132,110,76,75,74,75,74,71,69,60,62
6533151400,02103902,08/06/2010,12,12,12,12,13,13,13,12,13,46,64,62,58,58,57,67,86,96,97,115,140,152,154,161,164,180,236,244,243,244,244,242,240,227,221,215,184,161,141,104,99,92,85,83,81,81,73,66
6533151400,02103902,08/05/2010,44,44,48,43,43,43,43,42,42,42,42,41,41,41,42,54,69,92,113,137,171,194,208,219,230,236,244,245,248,256,259,141,36,33,30,26,24,22,22,16,14,14,13,13,12,12,12,12
6533151400,02103902,08/04/2010,56,53,53,55,54,54,55,51,55,51,54,49,53,49,49,67,84,106,129,148,180,199,220,231,234,240,244,245,247,248,251,252,248,248,243,234,204,184,173,138,136,126,79,63,58,49,46,49
6533151400,02103902,08/03/2010,47,48,47,42,42,41,42,34,39,28,41,30,39,36,33,53,70,87,102,124,164,187,205,225,230,232,234,232,232,233,231,233,228,223,210,195,172,156,136,104,101,92,61,62,59,57,55,53
6533151400,02103902,08/02/2010,29,39,28,39,27,39,26,40,27,41,26,41,28,40,29,38,44,77,98,135,158,163,175,179,186,187,176,181,184,184,185,190,193,187,184,172,144,124,110,88,94,90,51,53,50,47,47,47
6533151400,02103902,08/01/2010,51,48,47,45,34,40,35,42,31,43,32,38,33,36,38,34,52,75,109,125,156,173,193,202,214,219,220,209,175,189,193,193,196,189,186,173,122,109,85,69,57,61,38,43,35,41,32,39
6533151400,02103902,07/31/2010,57,45,54,48,52,48,53,45,53,45,53,41,51,42,50,49,67,94,115,137,175,194,219,231,241,245,246,244,248,248,245,246,249,243,207,180,155,131,115,88,84,88,87,83,79,75,75,71
6533151400,02103902,07/30/2010,57,52,50,48,48,53,47,47,47,47,46,45,45,35,36,57,75,91,102,123,157,192,206,214,216,219,222,228,220,225,224,223,220,215,214,204,162,135,116,87,79,75,74,69,60,59,59,58
6533151400,02103902,07/29/2010,57,57,57,56,56,56,55,56,56,55,54,49,48,52,53,67,86,107,135,146,181,203,220,236,251,258,255,255,246,239,232,230,225,226,221,215,205,199,191,149,146,141,79,71,67,64,63,63
6533151400,02103902,07/28/2010,39,40,37,38,37,39,43,32,44,43,33,43,42,31,43,56,75,97,132,149,189,218,228,234,246,248,245,247,249,248,249,250,249,244,237,231,196,178,170,125,121,119,77,65,61,59,59,58
6533151400,02103902,07/27/2010,42,40,46,39,48,36,45,33,42,36,39,37,35,41,45,57,85,110,152,168,195,211,223,228,237,243,239,241,244,244,245,236,231,230,224,216,174,147,131,85,81,76,52,51,49,48,47,37
6533151400,02103902,07/26/2010,61,62,60,56,56,55,51,53,49,46,45,46,41,42,42,49,63,104,150,168,200,209,222,218,198,204,215,219,222,224,225,232,229,222,216,211,171,151,135,86,85,81,57,58,56,54,51,42
6533151400,02103902,07/25/2010,73,74,68,66,65,65,64,64,63,63,62,62,62,62,63,62,76,124,172,193,226,239,249,256,265,268,271,273,274,274,275,259,242,238,233,222,193,180,160,108,105,100,60,61,63,62,62,61
6533151400,02103902,07/24/2010,113,106,104,104,104,104,104,102,101,99,97,98,95,96,98,98,113,147,180,205,237,252,255,261,267,270,268,271,271,270,273,278,278,273,242,229,215,205,178,120,120,119,115,117,117,118,118,109
6533151400,02103902,07/23/2010,47,47,46,53,46,52,45,46,49,47,44,43,48,43,38,49,80,105,156,184,220,239,245,251,255,259,261,264,266,206,262,264,269,263,250,236,217,202,182,126,124,122,121,118,116,117,118,114
6533151400,02103902,07/22/2010,43,43,43,43,42,43,42,41,40,41,40,39,28,35,29,53,74,102,144,166,203,218,230,242,242,244,246,251,253,256,256,252,254,250,253,246,243,230,211,155,150,143,83,70,57,56,49,51
6533151400,02103902,07/21/2010,45,48,46,44,44,44,44,44,44,44,43,42,43,42,43,56,78,99,139,159,189,203,224,231,238,239,242,246,249,248,251,248,248,243,240,231,196,176,166,128,124,117,74,59,51,46,47,44
6533151400,02103902,07/20/2010,44,45,46,44,43,43,42,43,43,42,42,41,41,41,42,55,77,101,145,163,191,206,222,230,235,244,245,247,251,251,251,250,248,238,233,223,191,171,150,104,92,80,55,56,51,51,45,49
6533151400,02103902,07/19/2010,50,50,56,51,51,50,51,52,50,49,48,48,48,48,48,48,64,106,160,175,205,219,229,238,238,242,249,251,245,240,240,241,241,236,237,227,197,175,153,104,93,89,59,55,56,52,45,50
6533151400,02103902,07/18/2010,64,64,60,60,60,58,60,55,58,58,53,57,54,56,58,64,72,119,168,184,211,220,232,238,245,243,255,258,259,261,259,260,256,254,250,241,203,188,163,102,99,93,59,62,59,58,54,58
6533151400,02103902,07/17/2010,96,90,90,87,85,86,84,83,83,83,81,80,77,79,80,83,97,127,155,174,210,231,243,254,257,263,267,268,267,269,268,271,272,267,265,257,216,194,173,120,116,111,109,105,104,95,95,86
6533151400,02103902,07/16/2010,59,54,59,52,54,57,54,51,50,51,49,49,48,48,49,66,89,108,140,160,208,232,242,248,252,256,258,262,264,264,265,263,263,259,256,252,226,212,189,132,123,118,113,111,107,105,104,104
6533151400,02103902,07/15/2010,68,66,66,65,65,64,64,64,64,56,58,57,63,53,65,65,71,88,118,136,179,196,211,223,228,237,246,253,256,257,260,257,258,254,251,250,239,231,209,152,151,142,83,71,69,65,60,59
6533151400,02103902,07/14/2010,71,71,69,69,69,70,69,70,70,69,69,68,69,68,69,66,65,67,104,122,169,180,184,191,198,199,204,212,211,219,220,231,238,239,235,227,182,147,136,110,105,95,77,76,74,69,71,66
6533151400,02103902,07/13/2010,71,75,68,69,69,68,66,66,64,62,58,58,57,57,58,59,63,80,116,141,166,189,212,218,232,234,234,237,237,242,243,242,242,238,240,229,200,171,163,132,117,106,85,83,75,76,74,74
6533151400,02103902,07/12/2010,38,39,35,37,38,37,41,32,44,30,40,31,39,32,41,33,59,92,129,153,198,215,228,240,242,247,250,251,251,247,239,232,225,213,205,194,161,139,134,114,115,110,90,79,80,77,74,72
6533151400,02103902,07/11/2010,40,31,41,28,43,28,42,28,38,30,37,29,33,34,29,39,40,82,95,128,157,172,198,211,216,227,230,230,231,234,233,235,229,228,219,207,160,132,107,75,75,74,48,46,46,46,46,46
6533151400,02103902,07/10/2010,88,86,83,82,80,79,80,78,80,73,76,71,73,68,69,68,81,112,135,155,180,194,211,224,229,238,239,234,180,174,198,204,210,215,202,197,158,136,110,78,63,62,74,64,61,78,62,56
6533151400,02103902,07/09/2010,58,56,54,54,55,50,50,51,52,51,47,51,47,51,53,56,67,114,161,183,212,229,232,241,246,250,249,253,255,257,260,261,257,255,251,245,218,197,175,114,110,103,100,97,96,95,92,91
6533151400,02103902,07/08/2010,66,65,65,65,63,58,53,55,54,57,52,51,49,50,51,54,71,115,161,188,224,235,242,248,253,255,258,259,260,261,261,261,257,256,253,250,241,239,214,161,153,147,84,70,67,62,57,57
6533151400,02103902,07/07/2010,57,57,52,53,57,53,52,51,50,49,49,47,47,45,48,54,74,113,150,174,220,237,247,256,260,260,263,265,263,264,263,262,259,255,250,244,220,208,201,163,159,153,89,69,67,66,66,66
6533151400,02103902,07/06/2010,53,52,53,51,51,49,48,49,50,47,48,48,46,48,51,56,71,116,148,170,207,233,252,259,262,262,264,262,264,265,264,263,259,253,251,243,217,207,181,119,114,109,67,67,63,58,57,60
6533151400,02103902,07/05/2010,53,54,53,53,53,51,47,45,37,50,36,47,35,48,50,50,63,96,126,154,190,208,230,242,248,253,254,259,258,259,258,259,259,256,254,244,214,201,178,117,111,101,67,59,63,56,56,55
6533151400,02103902,07/04/2010,48,35,42,41,38,45,35,44,37,37,39,31,39,36,48,39,55,86,111,127,142,144,150,152,151,150,144,146,144,144,147,148,147,148,148,146,132,125,109,69,67,62,50,48,46,47,52,53
6533151400,02103902,07/03/2010,58,56,54,52,52,50,53,50,50,49,47,49,49,45,51,52,65,84,108,140,168,186,201,209,213,215,222,220,224,229,230,232,232,232,229,218,176,137,118,87,81,77,69,70,67,65,54,50
6533151400,02103902,07/02/2010,38,38,31,37,38,32,37,37,31,36,32,33,35,30,34,36,52,82,114,130,165,177,189,195,194,193,193,196,196,200,202,203,199,197,192,187,153,130,113,78,70,72,68,68,67,64,62,62
6533151400,02103902,07/01/2010,31,35,34,28,34,31,27,31,26,30,24,28,23,28,26,26,44,74,93,102,137,150,174,181,184,187,198,187,195,189,197,198,197,194,191,186,178,176,163,116,113,110,65,50,54,45,42,39
6533151400,02103902,06/30/2010,44,34,44,32,40,36,34,40,30,36,35,27,33,34,27,33,48,78,97,123,152,159,187,182,200,204,193,194,174,176,185,179,184,176,178,163,139,115,115,86,87,85,46,39,39,29,37,33
6533151400,02103902,06/29/2010,59,58,52,53,49,46,51,44,50,45,44,43,46,43,43,43,59,104,139,161,189,200,214,220,230,227,233,240,241,241,240,241,238,235,230,220,179,160,133,97,93,86,36,39,51,37,44,37
6533151400,02103902,06/28/2010,59,61,54,54,54,56,52,52,50,52,51,51,49,49,51,58,70,122,173,197,218,233,244,243,248,252,254,253,255,250,228,234,230,228,223,219,193,179,159,118,115,113,68,66,64,59,59,58
6533151400,02103902,06/27/2010,62,49,52,52,46,52,46,50,46,49,45,44,45,48,45,52,67,114,157,179,220,233,242,254,260,257,262,263,261,260,261,261,262,260,254,247,216,199,173,115,113,111,74,64,63,63,63,62
6533151400,02103902,06/26/2010,92,88,78,77,75,74,74,72,67,52,67,60,50,55,69,69,81,116,139,161,199,226,245,248,253,254,255,257,258,258,261,262,262,258,228,219,199,186,166,100,102,104,97,97,98,92,91,87
6533151400,02103902,06/25/2010,39,54,43,50,41,49,40,49,37,50,36,46,38,45,43,52,53,127,182,191,215,229,241,246,248,251,253,253,253,256,259,260,255,250,244,234,203,179,158,108,107,102,101,98,95,94,95,88
6533151400,02103902,06/24/2010,51,53,48,52,50,53,48,49,49,47,46,50,46,46,47,51,71,121,175,196,230,241,249,255,257,262,264,265,268,268,268,269,263,259,254,249,239,231,210,153,151,143,78,72,70,47,38,54
6533151400,02103902,06/23/2010,53,54,50,49,49,49,49,50,48,45,48,46,45,49,49,49,71,116,125,154,192,220,230,233,247,247,256,251,259,260,260,258,255,249,246,241,205,189,187,146,137,133,82,59,56,55,54,52
6533151400,02103902,06/22/2010,48,48,50,47,47,45,44,44,44,44,43,43,42,43,43,46,61,104,146,173,208,224,238,241,245,247,245,248,250,252,252,251,247,244,240,231,205,198,179,121,112,103,61,55,56,52,56,50
6533151400,02103902,06/21/2010,53,49,49,48,48,47,47,48,47,47,46,45,45,46,47,49,61,95,128,156,193,203,220,218,219,229,228,229,233,230,233,232,232,228,225,219,183,161,135,91,89,82,49,48,48,54,49,48
6533151400,02103902,06/20/2010,64,63,62,59,61,60,57,58,57,57,55,54,55,55,58,57,72,107,135,147,187,204,222,233,244,248,252,250,250,253,249,254,252,249,243,232,184,158,133,92,89,86,57,57,56,57,54,50
6533151400,02103902,06/19/2010,69,70,70,69,70,64,57,58,58,58,58,56,56,57,56,57,70,95,121,143,191,218,228,237,241,248,252,252,255,255,257,261,260,252,250,238,197,171,151,115,110,105,102,99,94,95,89,84
6533151400,02103902,06/18/2010,32,36,37,29,36,35,29,37,33,30,35,26,32,34,29,41,43,82,100,134,160,187,198,205,208,217,211,211,217,218,222,211,205,202,195,183,152,133,112,80,82,73,77,72,72,72,68,68
6533151400,02103902,06/17/2010,46,42,42,42,41,41,44,42,40,41,40,40,39,34,35,38,57,80,105,117,149,158,178,190,210,212,216,217,218,223,220,221,219,214,214,211,200,189,172,133,130,119,62,48,46,45,45,36
6533151400,02103902,06/16/2010,43,43,43,43,33,39,38,37,41,33,41,31,41,31,43,36,51,81,100,118,157,184,189,196,203,187,195,196,198,196,198,197,196,191,186,180,155,134,125,101,95,99,77,60,56,53,51,48
6533151400,02103902,06/15/2010,47,46,46,42,42,41,40,40,40,40,39,39,30,32,39,41,44,87,113,130,168,181,194,206,211,216,212,212,215,211,215,214,212,208,199,184,148,132,113,83,79,78,53,52,47,46,44,44
6533151400,02103902,06/14/2010,51,53,51,50,45,50,44,48,44,45,48,43,43,43,44,50,60,100,131,155,180,200,215,222,231,233,236,236,212,209,213,212,210,198,189,191,177,157,140,111,105,99,65,63,62,60,57,48
6533151400,02103902,06/13/2010,51,56,49,46,42,42,42,42,45,44,41,41,41,45,42,49,60,96,129,146,184,214,228,238,247,246,250,252,253,253,254,255,253,250,244,236,198,172,150,116,114,106,62,61,58,58,55,51
6533151400,02103902,06/12/2010,62,55,43,42,51,46,51,47,53,48,53,45,50,46,56,43,69,91,105,130,164,183,203,218,227,235,238,243,247,246,253,256,256,254,215,190,158,136,119,87,85,86,87,77,82,78,77,65
6533151400,02103902,06/11/2010,46,46,45,46,45,45,30,43,31,40,34,33,37,31,43,43,55,81,94,125,158,174,184,195,204,206,212,215,213,215,216,213,210,207,184,171,149,140,124,88,79,85,80,76,76,69,73,66
6533151400,02103902,06/10/2010,35,34,37,31,41,25,40,27,37,30,34,34,27,36,30,42,46,85,111,133,163,190,198,204,210,212,214,213,216,212,218,218,210,211,207,205,198,190,179,144,139,132,71,63,59,50,45,45
6533151400,02103902,06/09/2010,29,30,29,30,30,28,27,28,27,27,27,27,26,26,27,27,40,73,100,120,140,157,168,179,187,188,186,186,184,183,186,186,189,183,176,161,130,113,111,93,88,87,57,49,49,47,46,34
6533151400,02103902,06/08/2010,45,41,41,41,41,41,40,40,40,40,38,38,38,37,36,37,49,64,87,115,158,165,185,187,184,180,184,184,186,183,185,189,182,177,159,162,123,112,109,65,70,57,38,47,41,36,34,30
6533151400,02103902,06/07/2010,47,42,43,46,39,43,38,36,39,37,38,34,37,35,41,39,57,63,74,93,122,136,155,170,183,169,169,169,170,171,171,170,165,157,153,145,116,105,91,77,73,69,40,59,62,59,58,50
6533151400,02103902,06/06/2010,70,65,63,64,64,63,62,61,60,61,61,57,58,61,61,67,75,102,122,154,188,203,210,218,225,230,238,238,238,231,222,220,215,208,199,185,147,123,111,94,76,75,49,59,48,55,51,43
6533151400,02103902,06/05/2010,88,82,83,80,78,77,75,74,71,69,67,69,67,68,69,71,91,98,106,126,155,180,205,230,241,248,250,251,250,248,250,252,247,247,210,192,162,145,129,120,119,118,118,118,115,115,115,106
6533151400,02103902,06/04/2010,51,52,50,52,51,44,36,51,37,50,38,48,39,47,45,44,61,80,96,112,158,175,191,209,214,219,221,232,233,235,234,232,229,226,221,212,183,163,135,121,119,119,110,103,104,101,93,87
6533151400,02103902,06/03/2010,61,62,64,59,57,62,60,59,57,57,58,57,55,57,57,58,79,103,118,145,173,195,213,231,238,241,243,246,246,245,220,187,188,195,188,180,164,154,148,137,140,134,83,82,78,62,55,54
6533151400,02103902,06/02/2010,69,67,64,66,63,66,63,61,61,61,60,60,59,57,61,62,76,111,125,143,183,199,218,227,232,231,229,238,243,243,243,240,242,234,226,215,187,156,142,132,128,122,87,77,78,72,69,61
6533151400,02103902,06/01/2010,81,79,74,71,55,57,58,55,58,57,56,55,57,56,60,65,71,88,115,135,172,196,208,219,221,220,221,221,215,222,237,236,231,223,219,215,184,165,130,110,107,105,76,75,74,71,68,67
6533151400,02103902,05/31/2010,64,52,65,54,63,61,55,65,52,64,56,58,63,52,64,66,71,74,96,122,153,175,189,195,199,206,207,208,212,212,214,214,213,209,208,202,165,139,118,99,90,83,51,79,87,83,82,82
6533151400,02103902,05/30/2010,61,71,55,69,59,65,60,63,56,63,55,61,55,62,57,63,73,83,115,127,156,172,186,201,214,224,229,235,233,240,238,242,245,243,229,221,176,139,128,118,111,105,75,72,69,63,62,53
6533151400,02103902,05/29/2010,58,60,52,64,51,62,52,60,56,52,61,50,62,54,61,57,64,73,79,103,147,172,189,196,201,210,213,220,225,224,229,236,242,238,225,211,162,130,118,111,108,86,83,76,93,79,83,79
6533151400,02103902,05/28/2010,57,57,49,40,44,46,39,50,40,43,43,38,47,37,47,39,50,63,70,90,115,139,147,163,177,182,185,191,191,195,194,192,194,184,175,165,122,106,95,85,71,58,69,56,66,55,63,60
6533151400,02103902,05/27/2010,53,51,44,58,41,56,42,54,39,54,39,52,37,54,40,57,55,81,109,130,170,187,199,215,229,228,231,233,236,240,241,245,242,238,232,219,201,193,186,172,158,143,103,88,76,68,64,61
6533151400,02103902,05/26/2010,38,38,44,33,23,27,24,24,23,28,23,22,22,27,22,28,36,62,89,107,139,162,178,184,210,228,226,232,228,233,234,237,233,235,223,220,165,142,132,129,124,124,88,81,76,67,65,60
6533151400,02103902,05/25/2010,49,55,45,38,37,28,40,28,34,34,27,39,27,32,34,28,45,47,71,79,123,141,153,157,171,176,180,184,182,188,189,189,190,186,181,181,137,115,104,91,82,66,44,48,43,43,48,40
6533151400,02103902,05/24/2010,44,49,41,37,28,27,33,26,36,25,25,34,24,28,29,27,38,46,72,69,110,125,136,147,155,173,175,172,178,193,208,195,190,186,188,183,148,132,119,106,89,76,64,59,57,61,54,63
6533151400,02103902,05/23/2010,56,55,40,29,33,26,35,27,26,38,25,33,29,26,38,28,42,48,75,77,110,126,128,145,161,166,171,172,180,181,184,211,214,208,197,182,140,116,105,78,67,78,46,56,45,55,45,54
6533151400,02103902,05/22/2010,77,77,54,57,53,51,56,48,53,56,48,54,46,52,47,50,55,67,62,92,135,151,168,177,189,196,193,199,208,235,230,224,224,212,166,148,130,117,106,94,86,69,67,79,86,83,85,67
6533151400,02103902,05/21/2010,43,49,29,30,28,26,30,29,27,27,26,26,29,25,25,28,35,53,74,101,139,153,165,167,173,180,184,184,213,224,225,222,222,215,202,192,166,152,137,129,120,114,106,97,75,81,79,73
6533151400,02103902,05/20/2010,39,39,31,30,31,31,31,31,31,31,30,30,29,29,29,30,38,52,57,80,111,118,139,148,154,165,168,174,196,215,207,204,202,200,195,192,180,175,163,148,133,132,72,65,57,57,47,54
6533151400,02103902,05/19/2010,36,34,26,26,26,26,24,24,24,24,24,22,23,22,23,22,29,42,53,68,98,109,116,127,138,128,140,135,155,148,153,150,150,144,143,136,112,99,96,82,79,89,57,48,41,39,39,39
6533151400,02103902,05/18/2010,35,32,25,25,24,25,25,25,25,25,24,24,24,23,24,23,29,41,52,78,103,115,123,129,133,138,133,133,149,148,146,148,134,138,126,115,99,75,69,63,55,54,40,43,40,39,39,40
6533151400,02103902,05/17/2010,40,29,27,26,29,25,28,24,30,24,24,24,30,25,24,25,39,57,68,86,106,121,125,147,148,166,151,152,162,158,151,157,146,154,143,136,108,78,72,67,62,57,42,41,39,39,39,38
6533151400,02103902,05/16/2010,40,25,32,26,32,25,26,33,26,26,32,25,26,30,24,25,36,48,65,74,113,122,140,137,161,156,166,164,174,203,205,207,204,201,193,180,141,98,83,80,69,70,57,54,53,55,50,56
6533151400,02103902,05/15/2010,59,55,48,57,54,48,55,53,48,53,55,46,48,51,45,54,54,77,72,106,124,154,166,182,186,185,184,193,194,203,199,203,211,208,197,187,144,115,90,69,65,74,62,62,67,60,66,54
6533151400,02103902,05/14/2010,30,29,34,29,28,29,28,34,28,28,27,31,28,27,26,32,36,48,69,90,116,144,161,172,189,191,192,205,206,216,224,246,244,237,225,216,184,155,126,95,81,72,58,56,55,69,60,53
6533151400,02103902,05/13/2010,25,25,25,24,25,25,25,25,25,25,24,24,24,24,24,26,33,50,66,76,108,120,127,132,133,136,138,139,148,145,150,143,150,154,150,156,156,152,153,129,119,111,50,44,39,38,37,30
6533151400,02103902,05/12/2010,26,26,25,25,26,25,25,25,25,25,25,24,24,23,24,24,35,57,69,80,109,143,147,157,162,163,176,185,183,186,189,189,180,179,170,137,106,95,83,68,63,62,37,31,29,28,28,26
6533151400,02103902,05/11/2010,29,27,27,27,27,27,28,27,26,27,27,26,26,25,25,25,33,50,65,77,111,122,130,134,136,138,139,143,142,142,141,139,136,131,125,116,91,78,73,52,48,49,33,33,30,28,29,27
6533151400,02103902,05/10/2010,30,30,30,30,27,27,27,27,26,27,27,26,26,26,26,26,34,57,69,81,106,118,125,131,139,141,143,139,145,147,145,150,142,141,135,127,99,83,73,57,51,51,38,37,36,33,27,27
6533151400,02103902,05/09/2010,36,36,36,36,36,36,36,36,36,36,36,36,35,35,36,37,43,54,62,77,103,109,118,130,137,142,148,149,151,151,164,157,153,153,142,133,92,77,71,54,50,49,36,31,30,29,30,30
6533151400,02103902,05/08/2010,52,51,43,50,50,45,50,47,45,49,52,43,52,44,52,48,58,79,88,105,145,163,178,191,199,201,201,200,200,192,179,186,186,186,172,148,108,90,78,61,54,55,54,54,54,51,50,48
6533151400,02103902,05/07/2010,29,32,34,32,26,29,29,26,29,26,28,24,27,24,29,30,42,72,81,100,126,143,153,160,168,170,174,182,184,187,187,192,193,180,175,165,134,112,86,74,62,60,62,54,54,56,54,45
6533151400,02103902,05/06/2010,32,37,29,37,25,35,25,34,26,33,27,30,26,28,34,27,53,71,115,116,161,173,184,189,191,190,190,198,193,191,186,190,199,192,191,191,176,163,153,136,125,110,65,40,34,38,37,33
6533151400,02103902,05/05/2010,27,29,25,25,29,24,24,27,25,24,24,23,23,23,23,31,41,88,105,124,155,167,178,193,203,202,207,209,210,211,211,207,211,207,198,183,149,129,114,92,88,78,58,36,43,34,34,35
6533151400,02103902,05/04/2010,24,36,24,35,25,33,27,30,28,29,30,25,30,23,31,24,49,72,94,116,140,166,174,182,189,187,184,185,187,185,191,209,191,184,180,171,133,114,96,78,63,67,40,44,40,32,36,29
6533151400,02103902,05/03/2010,46,45,45,41,41,45,42,42,40,40,45,38,38,38,39,39,54,84,104,118,151,167,182,193,198,212,217,218,219,227,229,227,224,213,205,179,126,104,98,67,65,60,41,46,38,44,34,43
6533151400,02103902,05/02/2010,48,47,41,39,38,38,33,29,28,38,25,37,28,34,32,29,42,63,79,109,152,174,182,195,204,214,222,227,231,234,231,229,229,223,218,212,166,143,127,104,97,91,54,54,47,51,52,50
6533151400,02103902,05/01/2010,45,46,49,44,45,48,41,47,41,46,39,44,40,44,39,48,44,69,77,100,139,156,188,208,217,226,230,226,229,233,234,237,235,227,185,171,145,126,117,87,91,90,88,88,90,82,79,73
6533151400,02103902,04/30/2010,34,26,27,27,26,26,26,26,26,27,25,25,25,24,24,25,31,54,68,84,103,126,153,167,174,175,173,179,185,188,194,191,188,186,181,174,144,123,105,83,75,66,54,60,52,44,50,49
6533151400,02103902,04/29/2010,28,28,26,24,24,23,24,24,24,23,23,23,23,22,25,26,34,55,69,79,106,119,128,134,147,140,151,154,153,162,165,158,162,167,157,154,153,139,134,109,97,92,52,43,36,35,37,35
6533151400,02103902,04/28/2010,28,29,28,28,29,29,29,28,27,29,27,27,26,27,27,28,40,63,73,85,105,116,124,137,125,127,143,147,147,145,149,147,149,143,138,126,102,89,85,72,64,62,42,40,36,29,28,28
6533151400,02103902,04/27/2010,29,29,27,26,25,24,24,24,24,24,23,23,23,23,23,24,34,57,65,78,112,125,138,140,147,151,152,150,153,150,149,145,145,142,136,126,96,83,74,57,51,48,31,32,30,29,29,28
6533151400,02103902,04/26/2010,29,30,29,30,27,24,25,24,24,24,24,23,24,23,23,24,31,51,65,80,105,116,123,127,136,152,154,142,145,153,143,159,144,147,134,121,102,83,76,55,50,47,31,33,30,29,30,29
6533151400,02103902,04/25/2010,33,27,28,27,28,27,27,27,27,27,27,26,26,26,26,26,31,47,52,75,107,113,134,130,154,153,175,175,169,182,180,190,193,186,172,162,122,101,75,56,46,44,30,30,30,29,29,29
6533151400,02103902,04/24/2010,46,45,43,41,43,40,40,40,40,41,41,40,40,40,39,40,46,64,70,87,123,130,137,144,149,154,157,158,159,158,156,155,156,150,114,105,90,81,74,57,55,59,55,51,50,50,50,48
6533151400,02103902,04/23/2010,27,27,27,27,27,27,27,28,27,27,26,26,26,26,26,26,31,59,73,92,116,128,124,149,147,142,154,165,179,173,176,172,171,171,160,149,121,96,83,59,54,55,53,52,53,49,47,50
6533151400,02103902,04/22/2010,27,27,27,27,27,27,27,27,27,27,26,26,26,26,26,26,34,58,73,88,109,119,127,137,148,153,160,166,167,176,171,170,170,166,168,160,156,144,134,114,111,98,45,33,34,29,29,29
6533151400,02103902,04/21/2010,27,26,26,26,26,26,26,26,26,26,25,25,25,25,24,25,33,58,70,86,111,122,134,142,148,153,148,159,156,153,159,150,151,146,136,131,99,84,77,63,62,63,39,33,32,29,26,27
6533151400,02103902,04/20/2010,26,25,25,26,25,26,25,26,26,25,25,24,24,25,24,25,33,57,67,84,117,124,133,135,141,147,147,148,155,156,156,158,154,152,144,132,101,86,74,58,54,47,32,32,29,26,26,26
6533151400,02103902,04/19/2010,25,25,26,26,25,26,25,25,26,25,24,25,24,24,24,25,33,52,63,76,104,114,124,130,140,146,149,140,140,135,142,146,141,139,135,131,102,85,72,57,51,47,30,29,28,25,26,25
6533151400,02103902,04/18/2010,27,24,23,23,23,23,23,23,23,23,22,22,22,21,22,21,29,38,49,69,100,107,117,128,138,139,142,142,150,151,150,150,151,146,144,133,100,79,71,54,51,51,35,33,33,33,33,28
6533151400,02103902,04/17/2010,45,48,45,44,47,42,46,42,47,41,44,40,42,40,40,43,48,64,71,87,121,138,151,153,164,167,173,171,178,174,178,174,171,166,132,101,87,70,60,43,41,42,42,41,41,40,39,37
6533151400,02103902,04/16/2010,33,30,29,29,28,30,29,29,31,31,29,29,28,26,25,26,35,57,73,87,131,162,179,182,195,195,195,203,203,205,205,199,202,190,177,156,129,121,105,89,88,79,79,75,72,54,56,49
6533151400,02103902,04/15/2010,28,28,28,28,28,28,28,28,28,28,27,27,27,26,26,27,33,52,62,76,102,116,125,132,143,141,155,164,164,170,172,165,166,172,161,159,160,148,135,115,107,102,54,35,37,33,32,30
6533151400,02103902,04/14/2010,26,27,26,27,26,26,27,26,27,26,26,25,25,25,25,28,37,56,67,81,110,122,130,136,142,143,143,146,146,153,145,144,143,142,135,141,99,88,78,65,65,61,37,31,28,28,27,28
6533151400,02103902,04/13/2010,33,29,27,27,27,27,26,27,27,26,26,26,26,26,26,28,39,64,74,88,117,133,133,137,141,144,147,153,152,154,149,144,140,137,133,121,92,81,74,60,55,55,33,34,31,28,29,28
6533151400,02103902,04/12/2010,37,37,37,35,34,35,36,34,34,34,32,34,32,32,31,33,38,70,84,96,114,132,147,156,163,163,168,167,174,174,179,166,175,163,166,150,126,101,88,68,65,60,39,41,36,33,32,33
6533151400,02103902,04/11/2010,29,29,29,29,29,30,29,30,30,29,29,28,28,28,28,28,34,46,57,73,102,107,136,141,167,166,185,187,191,190,189,189,190,190,187,173,129,99,79,64,69,63,40,41,40,39,39,38
6533151400,02103902,04/10/2010,38,38,38,38,38,37,38,38,38,38,37,36,36,36,36,36,47,57,60,85,120,133,144,148,150,156,163,163,166,169,171,181,176,174,165,159,118,88,73,56,55,53,53,52,51,50,47,44
6533151400,02103902,04/09/2010,39,39,35,34,34,29,26,28,26,26,25,25,24,24,25,25,34,59,67,82,110,125,130,132,140,144,144,142,149,153,153,150,152,142,135,129,95,81,66,50,51,51,49,45,45,44,43,40
6533151400,02103902,04/08/2010,34,28,36,29,29,36,27,32,32,25,32,26,27,30,25,30,45,79,104,111,152,165,173,182,186,205,219,216,222,225,216,211,218,210,198,202,199,193,178,147,140,126,55,39,46,38,39,44
6533151400,02103902,04/07/2010,37,25,34,32,27,35,30,27,33,32,24,30,29,23,28,34,46,91,96,137,157,190,202,210,213,217,222,224,212,217,229,231,203,194,174,147,131,106,105,87,85,81,46,41,38,43,29,36
6533151400,02103902,04/06/2010,26,32,25,25,30,25,25,26,31,25,24,29,24,24,29,26,45,79,86,109,150,187,200,210,218,222,224,224,219,214,219,219,217,209,205,189,164,139,119,87,78,75,35,34,37,33,37,30
6533151400,02103902,04/05/2010,24,24,23,24,24,24,24,24,23,24,23,22,22,22,22,23,33,66,81,92,120,143,148,170,180,190,192,198,199,198,198,199,198,191,189,182,155,123,109,68,75,69,36,41,31,38,31,32
6533151400,02103902,04/04/2010,25,25,26,29,26,25,25,26,26,26,25,25,25,25,24,25,30,45,54,73,86,90,94,90,88,97,90,100,94,109,93,98,109,93,106,94,83,79,62,47,47,43,25,32,24,28,23,24
6533151400,02103902,04/03/2010,39,40,39,38,38,38,38,38,38,38,37,37,37,37,36,37,46,62,59,80,109,126,139,153,158,170,173,176,196,198,206,208,208,202,193,184,141,85,72,60,51,54,49,47,47,41,40,43
6533151400,02103902,04/02/2010,30,30,29,23,23,23,23,22,22,23,22,20,21,22,21,22,34,66,74,83,113,145,158,170,179,173,180,200,207,204,199,204,201,185,174,165,125,98,82,54,49,48,45,49,45,46,45,39
6533151400,02103902,04/01/2010,26,26,27,27,26,26,26,27,27,26,25,25,25,25,25,26,40,56,65,83,112,125,136,145,137,141,152,155,160,167,167,176,175,189,190,182,176,165,151,117,112,101,55,36,32,34,35,31
6533151400,02103902,03/31/2010,27,26,27,26,26,26,26,26,26,26,24,24,24,24,24,25,33,54,60,75,108,121,129,138,136,138,138,140,142,145,143,147,149,144,145,137,100,104,103,87,81,69,44,33,33,34,27,26
6533151400,02103902,03/30/2010,30,29,29,29,29,29,29,29,29,29,29,27,28,27,28,30,41,62,71,90,113,123,134,142,143,143,148,146,144,148,147,144,144,137,132,125,93,78,63,47,45,44,31,29,26,26,26,27
6533151400,02103902,03/29/2010,32,31,29,29,29,29,30,29,30,29,28,28,27,28,28,28,35,56,62,76,100,114,122,129,133,137,140,139,139,140,139,138,139,137,129,121,94,79,70,55,51,50,36,30,29,29,29,30
6533151400,02103902,03/28/2010,29,29,29,28,29,28,28,28,29,28,28,28,27,28,28,27,32,45,52,74,100,106,115,124,134,136,140,138,142,142,140,141,145,143,136,131,96,82,69,53,49,47,33,32,31,32,32,31
6533151400,02103902,03/27/2010,44,44,44,43,44,44,44,44,43,43,43,42,42,42,42,43,51,63,67,81,115,125,138,143,145,144,148,150,150,151,148,147,149,145,142,135,99,79,66,50,48,47,46,44,42,43,44,41
6533151400,02103902,03/26/2010,33,33,35,32,33,32,32,31,31,32,29,28,28,28,29,32,40,60,70,92,119,131,136,136,143,142,145,146,147,145,141,138,137,132,133,129,95,78,67,51,52,50,50,49,49,45,44,45
6533151400,02103902,03/25/2010,31,31,28,28,27,27,27,27,28,28,26,25,26,26,26,28,39,58,67,77,104,122,136,146,150,153,148,152,157,162,159,163,156,169,161,164,160,152,146,132,119,117,56,50,44,44,39,33
6533151400,02103902,03/24/2010,28,27,28,27,28,28,27,28,28,27,27,26,26,27,26,26,37,58,65,76,111,127,136,139,144,149,150,151,152,155,160,151,161,161,155,149,111,89,74,61,55,53,37,33,33,31,30,31
6533151400,02103902,03/23/2010,26,26,26,26,27,27,27,27,27,28,26,26,26,27,28,26,38,60,67,81,112,126,137,139,142,145,147,149,147,151,149,147,147,139,130,126,95,81,66,50,50,50,38,38,33,30,30,29
6533151400,02103902,03/22/2010,35,36,35,35,36,36,35,35,36,36,34,34,34,34,34,34,41,74,87,88,117,137,136,153,152,164,165,168,166,165,168,167,164,159,156,149,123,107,86,61,63,56,38,34,33,32,32,27
6533151400,02103902,03/21/2010,33,34,33,33,33,33,33,33,33,33,32,32,34,33,33,33,38,57,63,81,105,118,125,136,146,152,157,162,180,171,190,180,183,177,166,153,107,87,71,56,55,52,36,35,35,35,35,35
6533151400,02103902,03/20/2010,51,47,43,43,42,43,42,43,43,42,42,42,42,41,40,39,53,66,67,83,105,122,136,153,152,168,173,166,169,177,174,181,187,192,170,165,117,90,74,55,53,53,54,52,54,50,50,50
6533151400,02103902,03/19/2010,33,34,31,31,32,33,32,32,32,31,31,30,30,30,29,30,35,59,68,78,108,117,132,136,145,161,162,163,172,163,168,166,174,165,161,152,119,94,82,72,62,57,55,53,53,53,51,54
6533151400,02103902,03/18/2010,33,31,31,32,32,32,31,32,32,31,31,30,30,29,30,31,42,63,70,82,111,122,132,144,145,145,150,157,152,161,156,149,159,159,156,161,150,153,133,119,118,107,52,40,35,32,34,35
6533151400,02103902,03/17/2010,31,31,30,31,30,31,31,30,31,31,29,30,29,30,30,29,39,57,65,76,104,116,130,143,143,149,149,151,150,151,151,158,157,158,147,145,113,96,83,71,69,66,45,41,40,40,39,34
6533151400,02103902,03/16/2010,27,28,27,28,27,27,28,27,28,28,26,27,26,27,27,27,36,58,63,81,107,123,133,136,145,146,149,149,150,149,148,147,144,143,130,125,95,84,72,56,54,52,36,40,37,31,30,30
6533151400,02103902,03/15/2010,29,28,28,28,28,28,28,28,28,27,27,26,27,27,25,25,35,54,62,71,99,114,127,135,138,140,144,142,142,142,143,143,143,135,125,118,95,84,72,53,48,46,33,35,32,30,28,28
6533151400,02103902,03/14/2010,36,36,33,28,-,-,29,29,29,29,28,27,24,24,24,24,30,41,53,71,89,100,114,127,131,140,143,145,141,143,144,144,146,144,138,130,96,82,68,48,38,38,27,26,29,30,29,29
6533151400,02103902,03/13/2010,45,44,45,46,45,45,45,45,45,44,43,43,43,44,48,60,61,64,75,91,111,121,133,141,144,149,151,150,147,148,152,153,153,148,119,113,88,80,72,67,67,67,65,53,49,45,35,35
6533151400,02103902,03/12/2010,29,29,30,29,29,27,27,29,28,27,27,26,26,28,34,58,63,67,72,83,110,118,129,140,140,146,148,151,151,149,148,149,150,146,136,129,93,67,66,63,63,62,54,47,47,46,45,46
6533151400,02103902,03/11/2010,39,38,37,39,38,38,39,38,38,37,36,37,37,36,43,62,68,72,79,88,111,120,128,134,138,139,143,143,143,144,144,143,147,157,162,163,166,142,142,132,94,84,57,43,41,36,29,29
6533151400,02103902,03/10/2010,32,32,31,31,31,32,31,32,31,31,30,30,30,28,34,53,65,68,74,84,113,127,133,138,140,144,142,141,144,144,146,144,143,138,130,122,98,73,71,68,46,41,43,40,39,39,39,39
6533151400,02103902,03/09/2010,33,33,33,33,33,33,33,33,33,32,31,32,31,30,37,55,65,66,76,84,109,123,133,138,139,142,143,148,146,149,148,146,140,137,131,122,87,62,58,55,38,40,41,39,42,35,35,34
6533151400,02103902,03/08/2010,27,27,27,28,27,28,27,27,27,27,28,26,26,25,31,49,58,63,70,85,108,115,121,131,136,138,142,141,141,142,142,140,137,134,129,120,90,65,65,57,38,36,33,34,35,33,33,33
6533151400,02103902,03/07/2010,31,31,31,31,31,30,31,31,31,31,31,31,31,29,34,45,52,62,64,76,103,111,123,133,142,141,146,148,147,147,147,146,144,141,133,126,83,57,55,51,35,32,31,29,30,30,30,27
6533151400,02103902,03/06/2010,55,54,54,54,54,54,54,55,54,54,54,54,53,53,59,71,73,72,81,94,123,133,142,143,147,149,152,154,151,151,153,154,151,151,143,133,87,56,48,46,45,44,44,44,45,43,31,32
6533151400,02103902,03/05/2010,35,35,34,34,33,34,33,34,33,33,33,34,33,32,38,58,68,65,72,85,114,126,140,144,150,149,150,152,154,153,151,152,148,144,138,131,94,72,70,64,57,58,58,56,58,58,58,54
6533151400,02103902,03/04/2010,34,34,34,34,33,31,28,29,29,28,28,28,28,27,34,53,60,62,69,86,111,121,130,138,143,143,144,146,149,151,148,149,144,142,141,139,126,115,111,112,88,79,53,43,41,37,35,36
6533151400,02103902,03/03/2010,30,30,29,29,30,29,29,29,29,29,30,29,28,28,34,54,62,64,75,91,115,130,139,141,144,146,146,145,149,149,148,147,144,141,136,128,97,76,73,65,45,40,37,38,34,34,34,34
6533151400,02103902,03/02/2010,30,30,30,30,29,30,30,30,29,30,30,29,28,28,35,53,58,62,70,86,112,126,139,142,144,142,144,148,147,147,144,144,142,135,133,118,82,62,58,54,38,37,38,40,39,31,29,29
6533151400,02103902,03/01/2010,31,31,30,31,30,31,30,31,30,30,30,30,30,29,36,55,61,64,72,88,111,121,126,135,138,141,145,144,146,147,147,145,143,133,124,118,83,61,58,57,44,43,42,40,33,29,30,29
6533151400,02103902,02/28/2010,30,30,30,30,30,30,30,30,30,30,30,29,29,29,34,45,52,62,65,74,103,110,119,129,139,139,143,143,144,145,145,145,146,143,133,125,92,66,62,59,45,48,45,47,49,34,31,32
6533151400,02103902,02/27/2010,41,41,40,41,41,40,41,40,41,41,40,40,40,39,45,58,60,60,70,88,111,127,139,145,149,151,153,153,152,151,149,151,151,148,140,129,83,55,54,54,53,53,52,52,48,43,33,30
6533151400,02103902,02/26/2010,34,34,34,33,32,32,32,32,32,32,32,31,31,31,37,55,65,64,71,90,114,128,136,143,147,144,147,151,152,152,152,149,148,139,135,126,88,63,57,54,54,54,51,51,51,51,48,44
6533151400,02103902,02/25/2010,32,31,31,30,31,30,30,30,30,30,30,30,29,29,35,55,64,65,73,97,118,129,136,142,143,144,148,150,149,152,151,148,146,143,140,137,123,106,106,105,90,84,60,49,54,51,50,35
6533151400,02103902,02/24/2010,34,34,35,34,35,34,36,35,35,36,35,35,34,34,41,60,71,73,83,99,122,134,140,142,148,147,146,147,147,150,152,145,143,139,135,127,96,75,74,72,53,43,40,40,37,36,37,35
6533151400,02103902,02/23/2010,31,31,32,31,32,32,32,31,32,31,31,32,31,30,35,56,65,65,73,87,115,129,140,142,148,147,150,146,147,147,148,145,140,135,129,119,87,66,66,62,46,48,49,51,48,45,37,34
6533151400,02103902,02/22/2010,41,41,41,41,41,40,39,40,41,41,40,39,38,39,46,64,73,73,81,91,110,120,132,134,138,142,141,142,145,145,145,143,140,132,126,116,86,63,60,56,44,44,39,37,36,36,37,35
6533151400,02103902,02/21/2010,39,41,40,39,40,39,40,41,41,39,39,39,38,38,44,55,63,74,76,90,122,128,134,144,148,150,153,154,154,157,156,155,147,136,121,114,91,73,74,75,59,57,58,55,55,54,52,52
6533151400,02103902,02/20/2010,54,50,48,49,46,45,46,45,45,45,46,44,44,45,50,63,64,66,72,85,117,131,139,146,151,152,153,157,158,157,157,158,157,154,144,134,97,71,64,62,55,55,55,55,54,48,39,39
6533151400,02103902,02/19/2010,33,33,33,33,33,33,35,34,33,32,31,31,31,32,39,57,64,64,73,87,113,123,136,141,145,147,149,150,149,149,148,146,146,139,131,124,93,69,67,66,66,69,67,64,64,59,56,55
6533151400,02103902,02/18/2010,42,41,41,39,31,31,31,30,31,31,29,30,30,29,37,54,63,65,72,85,110,119,128,134,140,140,144,146,148,148,147,144,144,141,136,137,128,113,111,108,93,85,60,48,45,43,43,38
6533151400,02103902,02/17/2010,36,36,35,35,35,35,35,35,34,35,34,34,34,34,40,59,69,72,78,95,112,124,141,144,148,149,152,151,145,148,147,145,139,136,131,122,96,79,75,72,55,50,48,48,43,43,41,42
6533151400,02103902,02/16/2010,37,37,37,38,37,37,38,37,37,37,35,36,36,35,42,63,71,72,78,88,114,120,134,139,141,143,147,147,147,148,148,146,144,138,130,124,91,70,68,64,49,52,49,46,47,40,36,35
6533151400,02103902,02/15/2010,35,35,35,34,35,35,34,35,35,34,34,34,33,34,40,58,65,66,71,88,111,121,130,135,137,143,144,146,149,144,141,134,129,123,124,117,86,63,61,59,47,45,47,45,42,38,38,37
6533151400,02103902,02/14/2010,33,33,33,33,33,33,34,33,33,33,31,32,34,37,41,52,60,70,73,79,99,111,123,131,137,139,143,140,144,146,146,147,144,140,130,121,86,58,55,51,38,38,38,38,37,34,35,34
6533151400,02103902,02/13/2010,43,43,43,43,43,43,42,43,43,42,41,41,41,42,49,64,66,67,75,91,113,120,131,138,140,146,148,147,149,150,152,149,148,145,137,125,82,56,54,52,52,54,51,52,51,46,32,33
6533151400,02103902,02/12/2010,32,33,33,32,33,32,33,33,32,33,31,31,31,31,38,56,63,65,76,91,99,100,104,122,130,133,136,142,139,139,138,139,133,130,121,114,87,59,51,51,52,46,45,43,43,43,43,42
6533151400,02103902,02/11/2010,29,28,30,29,28,29,29,28,29,28,27,28,27,28,34,54,59,60,64,72,88,93,98,99,101,102,104,104,103,108,110,113,110,109,105,102,82,62,58,50,37,36,33,32,32,32,33,33
6533151400,02103902,02/10/2010,31,31,31,31,31,31,31,32,31,31,30,29,30,30,36,55,60,62,65,71,80,82,81,82,85,84,84,85,85,85,84,85,83,84,83,82,70,57,56,57,40,34,32,33,32,32,32,28
6533151400,02103902,02/09/2010,35,35,35,35,35,35,35,35,34,35,33,34,33,34,40,58,65,66,72,82,98,108,112,110,113,115,117,117,118,116,116,112,111,108,101,97,76,52,48,47,36,34,34,32,33,33,31,32
6533151400,02103902,02/08/2010,35,35,34,35,35,35,34,35,35,35,33,34,34,33,40,58,64,65,69,80,97,101,104,111,110,107,108,109,109,109,108,110,110,106,105,100,78,54,52,47,36,35,35,35,35,35,35,35
6533151400,02103902,02/07/2010,32,32,33,32,32,32,32,33,33,32,31,32,32,32,37,48,55,63,68,73,82,86,94,96,106,106,106,108,107,109,108,109,108,108,101,98,73,55,54,50,35,35,34,34,34,35,35,35
6533151400,02103902,02/06/2010,43,43,43,42,43,43,43,43,43,43,42,42,41,42,48,61,61,61,65,73,80,81,83,84,84,84,85,85,85,85,85,84,84,85,84,82,65,49,49,46,46,46,45,45,44,42,32,33
6533151400,02103902,02/05/2010,36,36,35,35,35,34,35,33,31,30,30,30,29,29,36,54,62,61,69,80,109,120,123,121,120,119,116,119,112,106,102,99,97,97,99,94,72,52,50,47,46,45,43,43,44,43,43,43
6533151400,02103902,02/04/2010,33,33,33,33,33,32,32,32,31,32,31,30,30,31,37,57,67,66,72,83,106,128,138,140,145,146,146,147,147,152,149,151,148,144,142,139,124,105,98,93,76,68,53,45,49,45,36,37
6533151400,02103902,02/03/2010,36,35,36,36,35,35,33,30,30,31,29,29,29,29,35,54,60,63,75,90,109,118,125,130,130,135,137,138,140,139,140,143,139,138,131,122,91,74,71,69,54,47,43,45,40,39,36,34
6533151400,02103902,02/02/2010,32,33,32,32,33,32,32,33,32,32,31,31,31,31,38,57,63,65,74,85,109,125,138,142,148,145,146,146,146,145,143,144,138,129,122,110,76,56,50,47,37,36,36,35,36,35,35,35
6533151400,02103902,02/01/2010,34,33,34,34,33,34,33,33,33,34,32,32,32,32,39,57,68,73,74,90,112,121,131,134,142,147,150,145,147,148,147,145,139,138,129,120,86,65,62,62,51,47,45,41,35,32,33,32
6533151400,02103902,01/31/2010,42,40,39,38,34,33,33,33,33,33,32,34,37,37,46,62,68,69,76,83,106,115,119,126,131,136,138,138,141,141,140,141,137,137,135,125,90,64,57,54,42,42,39,38,38,36,35,34
6533151400,02103902,01/30/2010,45,45,44,45,45,44,44,44,44,44,44,43,44,43,50,61,64,63,71,87,112,117,122,122,128,131,126,123,122,120,115,113,112,108,99,97,81,57,55,56,53,53,53,54,54,49,40,39
6533151400,02103902,01/29/2010,36,36,36,36,36,34,34,34,34,34,32,33,34,34,39,59,69,71,76,90,115,124,133,141,146,147,152,152,152,153,151,151,147,142,137,126,96,65,64,63,56,53,52,49,47,47,47,45
6533151400,02103902,01/28/2010,29,29,29,29,29,30,29,29,28,30,28,28,27,28,35,54,61,62,71,83,108,119,128,132,138,141,138,139,146,147,145,148,145,139,138,137,124,111,112,108,93,87,67,57,54,40,35,36
6533151400,02103902,01/27/2010,38,38,38,39,38,38,38,39,38,35,33,33,34,35,42,60,71,70,79,94,116,128,137,141,144,145,146,146,148,149,147,145,142,139,133,125,92,69,66,62,39,34,34,36,32,30,28,28
6533151400,02103902,01/26/2010,35,35,36,31,30,30,30,30,31,30,30,29,29,30,37,54,66,67,74,87,114,126,137,139,142,141,146,147,148,145,144,146,143,134,131,123,85,58,55,53,40,41,42,41,39,37,38,38
6533151400,02103902,01/25/2010,31,31,31,31,31,32,31,31,31,31,30,30,30,30,35,53,63,63,68,79,105,116,127,134,138,140,144,144,144,146,144,143,140,131,129,121,82,62,60,57,46,44,44,43,44,43,38,35
6533151400,02103902,01/24/2010,33,33,34,33,32,32,32,32,33,33,32,32,31,31,36,47,57,65,73,84,108,116,120,125,134,139,142,143,146,144,147,146,145,145,142,128,86,58,58,54,40,36,37,36,36,36,35,31
6533151400,02103902,01/23/2010,47,44,43,44,43,44,43,43,43,43,42,43,42,42,48,61,63,63,71,87,116,127,135,144,150,153,153,152,151,152,154,152,149,146,140,130,90,59,57,52,54,51,49,46,45,42,33,34
6533151400,02103902,01/22/2010,36,36,36,36,35,34,34,36,37,36,36,35,35,36,42,60,72,71,75,87,115,125,133,144,149,152,152,153,156,156,153,154,150,144,136,125,91,64,59,59,58,57,57,54,52,52,52,51
6533151400,02103902,01/21/2010,31,31,31,31,32,31,31,31,32,31,31,31,31,30,37,58,68,68,74,83,115,126,135,140,145,146,146,146,146,151,148,149,144,144,137,138,125,107,105,104,91,84,68,55,58,52,50,42
6533151400,02103902,01/20/2010,32,32,33,32,32,32,32,32,32,32,31,32,31,32,38,56,67,67,75,89,114,132,136,137,140,147,146,145,147,148,148,145,142,142,138,128,90,69,67,64,48,39,39,38,35,31,32,31
6533151400,02103902,01/19/2010,40,39,40,39,39,40,40,40,39,39,40,38,39,39,46,64,74,74,81,96,119,133,141,149,154,151,153,160,156,154,154,153,143,140,133,126,92,66,63,62,49,47,45,40,39,36,34,32
6533151400,02103902,01/18/2010,35,36,35,35,35,35,36,35,35,35,34,34,34,34,40,59,68,68,73,86,111,119,130,134,140,145,146,144,147,151,149,147,148,143,136,131,95,67,64,65,51,51,49,48,51,44,40,40
6533151400,02103902,01/17/2010,36,36,36,36,36,36,36,36,36,36,35,36,35,35,40,51,60,66,72,81,104,115,129,138,146,147,150,151,146,147,146,147,145,144,134,123,87,57,55,54,42,40,38,36,35,35,35,35
6533151400,02103902,01/16/2010,47,44,42,43,43,43,43,43,43,43,41,41,41,42,50,63,66,69,77,91,118,132,141,146,150,151,153,155,154,154,152,155,154,151,143,132,89,57,52,50,49,48,48,48,48,46,36,36
6533151400,02103902,01/15/2010,41,40,39,39,39,39,38,38,39,39,38,38,38,39,44,63,72,75,81,95,119,127,136,139,145,146,150,153,153,154,152,151,148,147,145,137,103,76,63,55,51,53,51,47,47,48,47,47
6533151400,02103902,01/14/2010,36,37,37,36,37,36,37,36,37,37,35,35,35,35,42,60,69,73,86,97,117,126,135,137,141,144,146,147,146,149,147,146,145,143,139,139,132,112,111,111,98,87,64,53,56,50,45,42
6533151400,02103902,01/13/2010,35,35,35,35,35,35,35,35,35,35,34,34,34,34,41,60,71,76,81,100,118,126,139,142,143,144,147,147,148,150,149,146,144,139,134,127,100,78,77,71,51,46,44,47,41,39,37,37
6533151400,02103902,01/12/2010,36,35,36,36,35,35,35,35,36,35,34,34,34,34,40,60,65,70,75,91,118,20,111,143,146,146,151,152,153,155,152,152,148,141,131,128,98,72,67,65,48,48,50,50,40,37,36,35
6533151400,02103902,01/11/2010,34,35,35,35,35,35,35,35,35,36,34,34,35,34,41,59,70,72,79,95,114,124,134,138,144,146,152,152,152,152,150,147,146,140,131,123,91,66,65,63,49,44,44,44,43,42,38,37
6533151400,02103902,01/10/2010,34,28,28,28,27,28,28,29,28,28,27,27,27,27,31,43,52,62,68,83,106,112,116,126,137,145,145,146,148,147,146,147,144,141,133,127,84,61,58,57,42,43,43,43,43,34,35,35
6533151400,02103902,01/09/2010,51,51,51,51,51,51,50,51,48,45,44,43,44,44,50,62,64,65,72,92,115,123,133,140,140,147,148,151,151,150,148,151,149,143,105,92,64,46,44,43,44,44,44,44,47,45,31,34
6533151400,02103902,01/08/2010,35,35,35,35,34,36,34,35,34,34,34,34,34,33,39,57,65,66,71,87,110,120,132,137,140,143,144,145,146,146,146,142,141,135,128,124,88,64,62,55,54,56,53,53,52,52,51,51
6533151400,02103902,01/07/2010,33,33,33,33,33,33,33,34,33,33,32,32,32,32,38,57,67,67,75,89,119,126,133,139,142,142,145,151,151,149,148,151,147,141,136,131,117,102,101,102,84,78,56,50,46,45,37,35
6533151400,02103902,01/06/2010,34,35,34,35,35,35,35,35,34,35,34,34,33,33,39,57,64,65,72,91,119,128,133,139,148,148,146,148,149,150,146,146,144,140,139,126,93,72,65,58,41,36,37,34,33,34,33,34
6533151400,02103902,01/05/2010,32,32,33,32,32,32,32,31,32,31,31,31,31,31,37,57,66,67,72,90,115,123,133,140,141,140,142,141,139,142,140,143,139,132,130,122,88,58,57,51,38,38,38,38,36,35,35,35
6533151400,02103902,01/04/2010,32,32,32,32,32,32,32,32,32,32,40,42,40,39,42,56,68,68,76,93,112,118,127,131,137,142,143,142,143,144,145,144,139,138,129,118,90,66,64,56,45,40,38,38,38,31,32,32
6533151400,02103902,01/03/2010,33,33,34,33,34,34,34,33,34,33,33,36,41,42,46,58,61,66,72,83,101,109,117,125,131,135,138,140,141,140,140,139,139,136,129,121,79,56,50,47,32,32,32,32,32,32,32,32
6533151400,02103902,01/02/2010,43,43,43,43,43,43,43,43,43,43,42,42,43,43,48,62,62,63,69,82,105,116,131,139,143,144,147,146,147,146,150,151,147,143,133,122,80,56,53,52,51,51,48,45,45,44,33,33
6533151400,02103902,01/01/2010,35,32,31,32,31,30,31,30,30,32,29,30,30,30,35,56,61,62,67,73,81,83,84,83,82,84,83,83,83,84,82,83,84,82,83,80,62,44,43,43,43,43,43,43,43,43,43,43
6533151400,02103902,12/31/2009,26,27,27,27,27,26,27,26,27,27,26,26,26,27,31,51,58,60,65,78,105,116,120,129,136,139,140,139,140,138,134,132,129,128,112,100,83,62,63,60,48,49,44,43,44,43,42,42
6533151400,02103902,12/30/2009,26,27,27,26,27,27,27,27,27,27,25,25,25,25,30,50,58,58,66,78,107,120,126,130,132,140,140,142,145,143,143,141,140,135,131,122,88,65,63,62,41,32,33,32,32,27,27,27
6533151400,02103902,12/29/2009,27,26,27,27,27,27,27,27,27,27,26,25,26,26,31,51,61,62,68,83,106,118,128,135,139,140,144,145,143,141,139,136,136,134,125,115,77,50,48,43,31,29,30,30,30,28,31,26
6533151400,02103902,12/28/2009,27,27,27,27,27,27,27,27,26,26,25,25,25,24,31,50,62,62,66,79,103,110,117,120,125,130,132,133,135,135,133,132,131,126,121,116,80,52,45,43,29,29,28,29,29,29,28,30
6533151400,02103902,12/27/2009,25,25,25,25,25,24,24,25,24,24,23,23,23,24,27,39,46,57,60,73,99,107,115,124,128,133,137,138,139,138,140,139,136,133,125,112,74,48,43,44,31,30,29,31,27,26,27,27
6533151400,02103902,12/26/2009,43,41,44,43,41,42,44,42,42,43,42,41,42,41,46,58,61,60,66,84,103,119,123,130,132,133,135,134,134,136,133,135,135,131,122,113,78,50,48,44,45,36,36,38,37,35,25,26
6533151400,02103902,12/25/2009,32,31,32,32,32,32,32,32,32,31,31,31,31,31,36,56,61,62,67,72,81,83,83,83,83,85,84,84,83,83,83,84,82,82,82,81,62,45,45,45,45,44,43,43,42,42,43,42
6533151400,02103902,12/24/2009,29,28,28,29,28,28,29,28,29,28,27,27,27,27,33,52,59,60,64,73,109,114,124,127,129,131,131,129,128,128,130,129,124,119,111,104,79,55,53,53,37,38,33,31,32,31,32,32
6533151400,02103902,12/23/2009,31,31,30,29,29,29,29,29,29,28,28,28,27,28,34,52,63,65,73,84,116,122,132,134,135,139,141,140,143,142,141,141,140,134,132,126,89,61,56,55,38,33,33,32,32,30,28,28
6533151400,02103902,12/22/2009,30,30,30,30,30,30,29,30,30,30,29,28,28,30,34,53,62,62,69,80,113,123,133,139,141,142,141,143,144,144,142,141,138,131,131,126,85,58,53,49,37,35,32,31,31,31,31,31
6533151400,02103902,12/21/2009,32,32,32,31,34,32,32,32,32,34,32,31,30,31,39,55,61,64,69,75,95,106,112,118,121,127,129,129,130,131,130,134,129,120,117,113,87,55,53,50,37,34,32,29,30,29,30,29
6533151400,02103902,12/20/2009,28,28,28,27,28,27,28,29,28,28,27,27,29,27,31,43,50,59,62,76,93,97,101,107,108,111,112,112,112,115,115,116,115,114,108,105,76,47,46,46,34,33,33,32,32,32,32,32
6533151400,02103902,12/19/2009,43,41,38,39,39,38,39,39,38,39,37,37,37,37,44,57,55,57,70,81,97,99,100,103,102,103,104,101,100,100,100,101,102,98,99,95,67,45,44,43,43,42,41,41,40,38,27,29
6533151400,02103902,12/18/2009,35,34,34,34,34,34,35,34,34,33,33,32,34,33,39,57,65,65,71,82,109,118,129,140,142,143,145,148,151,150,145,145,142,140,122,110,79,55,56,52,50,49,46,45,45,43,45,43
6533151400,02103902,12/17/2009,30,31,31,31,31,31,31,31,31,31,30,30,29,30,36,55,66,66,73,85,108,117,132,137,141,143,143,146,146,146,145,146,147,144,139,139,126,109,110,105,92,83,60,45,40,41,35,34
6533151400,02103902,12/16/2009,27,26,26,26,26,27,26,26,27,26,25,26,26,25,32,50,60,62,71,86,112,123,130,137,138,143,144,143,145,148,148,145,144,142,136,127,89,67,64,63,45,39,33,32,31,31,30,31
6533151400,02103902,12/15/2009,30,30,30,30,30,29,28,29,30,27,28,27,27,27,33,51,60,64,72,90,111,118,130,137,138,139,142,147,150,145,144,144,139,132,127,121,81,51,48,46,33,31,29,28,27,27,28,26
6533151400,02103902,12/14/2009,32,31,32,32,31,32,32,31,32,31,30,31,31,30,37,55,62,68,71,85,108,119,126,132,139,140,142,146,143,147,145,142,139,134,126,116,80,57,51,46,34,33,33,33,33,34,33,33
6533151400,02103902,12/13/2009,27,25,25,24,25,26,25,24,25,25,24,23,24,24,28,41,49,61,66,79,105,109,116,127,140,143,140,142,142,141,142,141,139,136,127,114,81,57,52,49,37,34,32,32,31,32,31,32
6533151400,02103902,12/12/2009,47,41,41,41,41,41,40,41,41,41,40,40,43,39,47,59,60,62,70,83,115,126,133,140,145,146,148,150,152,153,150,154,153,148,109,96,73,46,46,44,44,45,45,43,43,42,31,32
6533151400,02103902,12/11/2009,31,30,31,30,31,31,30,31,31,31,29,30,30,29,36,55,63,64,71,84,111,122,130,133,135,136,140,142,144,146,144,142,139,136,118,102,80,54,47,45,47,46,46,44,45,44,45,46
6533151400,02103902,12/10/2009,27,26,27,27,27,27,27,27,26,27,26,26,26,26,31,52,61,63,67,79,108,121,127,134,135,137,140,142,143,142,143,142,145,142,141,143,132,114,112,110,95,84,55,39,36,32,31,30
6533151400,02103902,12/09/2009,29,27,28,29,29,27,27,30,27,27,28,27,26,29,31,50,59,62,71,85,107,122,130,137,141,144,143,146,146,145,144,142,139,136,130,124,91,67,67,61,45,40,40,32,28,28,27,28
6533151400,02103902,12/08/2009,25,26,26,26,26,26,25,26,26,28,24,24,24,24,30,49,58,60,64,82,106,116,125,135,134,135,139,142,143,141,141,141,138,135,128,119,91,59,55,52,31,30,29,30,29,30,30,29
6533151400,02103902,12/07/2009,33,33,33,33,33,33,33,34,33,35,32,32,32,32,38,56,64,68,73,85,106,116,124,132,135,138,138,141,141,141,142,139,132,132,127,126,92,62,62,58,42,42,39,37,36,32,26,26
6533151400,02103902,12/06/2009,45,39,36,34,34,36,34,34,34,34,34,34,34,32,38,48,54,65,74,82,109,119,127,135,145,145,147,148,147,144,144,145,143,138,133,122,82,55,54,49,34,34,33,33,32,33,33,33
6533151400,02103902,12/05/2009,49,48,48,47,47,45,45,44,45,45,44,44,44,44,50,63,65,67,75,95,123,133,140,142,145,148,151,152,156,157,155,151,148,142,108,95,73,52,52,59,60,59,59,61,62,59,53,51
6533151400,02103902,12/04/2009,35,33,35,34,34,32,32,32,32,32,30,31,31,31,37,58,69,70,77,91,118,128,134,142,146,148,149,150,152,153,154,149,148,143,120,107,85,60,55,54,53,53,53,52,51,51,51,48
6533151400,02103902,12/03/2009,24,24,24,24,24,24,24,24,24,24,23,23,23,23,29,48,58,59,68,83,111,123,132,136,141,143,148,149,150,151,150,149,148,149,156,156,148,136,136,136,120,116,81,50,45,41,35,34
6533151400,02103902,12/02/2009,26,27,26,27,26,27,27,27,26,26,26,26,26,26,32,53,64,72,81,91,118,128,135,140,143,144,145,146,149,151,147,146,144,138,129,123,88,70,65,62,40,34,35,31,30,27,24,24
6533151400,02103902,12/01/2009,27,27,27,27,27,27,27,27,28,27,26,26,26,26,32,51,58,65,69,87,107,123,132,136,138,142,142,146,146,146,144,142,136,132,126,122,88,63,56,49,34,34,29,30,30,31,27,27
6533151400,02103902,11/30/2009,30,30,29,29,30,29,30,28,29,29,28,27,28,27,31,54,65,65,69,82,104,115,126,134,136,139,140,139,141,144,143,139,134,130,123,109,79,51,45,43,31,31,31,31,31,31,30,27
6533151400,02103902,11/29/2009,30,30,30,30,30,30,30,30,30,30,30,30,30,30,34,47,58,67,75,82,106,117,122,130,139,143,144,144,151,155,152,151,152,146,140,129,90,60,58,54,37,34,30,29,29,29,30,30
6533151400,02103902,11/28/2009,43,41,42,41,42,41,42,41,41,40,38,38,38,38,45,57,58,61,66,85,110,120,127,133,140,142,146,148,148,149,149,153,150,143,140,128,84,53,46,45,44,43,44,44,42,40,30,30
6533151400,02103902,11/27/2009,27,27,26,26,26,26,26,26,26,26,25,25,25,25,31,50,56,57,62,79,107,118,123,126,132,135,137,136,140,140,147,148,145,142,140,128,87,59,58,57,52,51,52,51,47,44,43,43
6533151400,02103902,11/26/2009,25,25,25,25,25,25,25,25,25,25,24,24,24,24,30,48,54,55,60,67,74,77,77,78,77,77,76,78,77,80,80,79,79,78,78,74,61,43,44,42,30,30,27,26,26,25,26,26
6533151400,02103902,11/25/2009,32,32,32,32,32,32,32,32,32,32,30,31,30,30,36,56,64,67,78,87,111,119,125,128,132,138,137,139,139,141,140,137,134,128,125,116,84,65,61,52,34,29,29,30,30,29,26,25
6533151400,02103902,11/24/2009,27,27,27,27,28,27,27,27,28,27,26,26,26,26,32,49,57,61,69,85,109,120,129,134,136,139,138,139,140,145,144,144,136,129,124,114,79,55,53,48,35,35,35,34,32,32,31,32
6533151400,02103902,11/23/2009,29,26,25,25,25,25,25,25,25,24,24,24,24,24,29,51,59,64,72,80,102,112,121,127,134,134,137,140,138,137,139,137,134,127,121,112,76,55,50,48,35,36,34,34,34,32,32,32
6533151400,02103902,11/22/2009,35,34,35,32,29,29,30,29,28,28,28,27,27,27,32,43,53,60,63,70,95,105,113,124,132,138,140,141,144,148,147,145,144,139,131,120,79,55,51,45,31,31,32,30,29,29,29,30
6533151400,02103902,11/21/2009,45,43,42,42,41,41,40,40,41,40,39,39,39,39,46,59,61,60,68,87,115,124,134,141,145,152,153,152,154,160,154,161,154,149,137,123,82,56,51,50,49,48,47,48,47,45,34,34
6533151400,02103902,11/20/2009,29,28,29,29,29,28,29,29,29,29,28,28,28,27,33,54,61,65,71,88,109,120,127,131,138,139,142,150,151,147,147,147,143,138,134,119,86,61,59,56,54,52,53,52,50,50,47,46
6533151400,02103902,11/19/2009,31,29,29,29,29,27,28,27,28,27,26,26,26,26,32,51,60,64,69,81,108,124,132,133,149,151,155,167,155,170,156,162,147,155,145,137,123,114,103,113,80,72,62,42,36,32,29,29
6533151400,02103902,11/18/2009,31,28,28,29,29,29,29,29,28,28,27,27,28,29,35,54,64,64,73,86,110,124,128,135,139,143,143,144,145,148,149,146,142,139,132,124,92,71,64,59,40,37,38,36,34,31,32,31
6533151400,02103902,11/17/2009,27,28,25,26,25,25,25,25,25,25,24,24,24,24,30,51,60,64,70,83,109,125,133,137,139,140,140,141,140,143,139,139,135,129,122,118,91,62,60,57,44,44,44,41,36,34,35,34
6533151400,02103902,11/16/2009,33,34,34,34,30,27,28,28,28,27,26,26,26,26,32,51,61,65,74,83,99,112,125,130,135,137,139,140,147,143,151,150,143,138,131,124,91,60,57,55,36,36,35,30,32,28,29,29
6533151400,02103902,11/15/2009,29,25,25,26,25,25,25,25,26,25,25,24,25,25,28,41,49,60,67,79,103,110,117,123,133,143,148,155,155,157,160,159,156,158,147,124,85,56,51,50,33,34,34,34,34,33,34,35
6533151400,02103902,11/14/2009,46,44,44,42,41,41,41,41,41,41,40,39,40,39,44,56,57,63,68,80,108,123,128,134,142,147,147,146,147,150,150,151,149,145,111,98,74,51,52,51,51,55,51,51,50,48,37,36
6533151400,02103902,11/13/2009,33,32,32,31,31,30,30,30,30,30,29,28,29,29,35,55,64,64,70,86,115,126,129,134,135,143,144,145,150,148,146,144,142,138,137,123,94,69,62,55,52,55,54,51,49,49,49,49
6533151400,02103902,11/12/2009,32,32,32,32,32,29,29,29,29,28,28,28,27,28,34,53,67,72,80,87,111,122,130,137,139,141,142,146,149,150,147,146,148,144,138,133,128,115,113,112,97,84,56,44,39,33,33,34
6533151400,02103902,11/11/2009,30,29,31,31,30,31,30,30,30,30,29,28,29,30,36,57,67,69,76,94,113,122,135,136,140,141,142,146,147,148,147,142,143,138,134,125,92,72,65,62,45,40,40,40,37,32,32,32
6533151400,02103902,11/10/2009,27,26,27,27,27,27,27,27,27,26,26,25,26,26,31,52,65,68,74,88,110,121,131,140,143,146,151,152,158,157,153,150,152,138,129,125,88,64,61,59,41,34,37,38,33,31,31,30
6533151400,02103902,11/09/2009,31,30,31,30,30,31,30,30,30,29,28,29,29,28,34,55,68,67,74,90,109,117,129,133,142,146,152,151,153,156,154,157,151,140,138,121,93,71,69,64,37,32,31,29,31,26,27,27
6533151400,02103902,11/08/2009,41,43,36,37,36,37,36,37,37,36,35,35,36,35,40,51,60,71,79,83,109,115,119,131,143,149,168,172,175,185,183,181,181,165,163,137,101,66,65,61,34,31,32,31,31,32,32,30
6533151400,02103902,11/07/2009,41,41,40,40,40,40,40,40,41,40,40,39,40,39,45,57,59,62,69,85,115,121,133,140,148,151,152,155,159,162,164,164,167,161,130,106,82,62,64,63,60,60,60,60,59,57,44,43
6533151400,02103902,11/06/2009,38,37,38,36,37,37,36,37,36,36,35,35,35,34,41,60,68,70,77,91,112,122,131,136,140,142,144,143,146,144,143,142,139,133,130,120,84,59,54,54,53,49,49,49,47,47,41,40
6533151400,02103902,11/05/2009,34,33,32,33,33,33,32,32,32,32,31,31,31,32,37,59,69,76,83,99,116,130,135,142,146,148,146,142,144,147,147,143,144,138,134,129,116,101,98,96,80,73,54,46,41,40,38,38
6533151400,02103902,11/04/2009,35,35,35,35,35,35,35,35,35,35,33,34,33,34,38,58,68,69,77,93,115,125,135,137,139,141,147,147,147,149,147,145,141,139,130,122,92,76,72,71,54,46,41,42,39,36,34,33
6533151400,02103902,11/03/2009,35,35,35,34,35,35,35,35,35,36,34,34,33,34,39,58,70,74,85,98,113,121,130,134,138,140,143,142,142,141,140,138,145,133,124,118,84,65,64,58,38,38,40,40,40,34,35,35
6533151400,02103902,11/02/2009,34,35,35,34,34,34,34,35,33,34,33,33,32,33,38,57,68,74,79,91,105,113,125,128,132,136,140,141,142,142,143,143,134,130,123,114,84,68,66,60,47,42,38,39,37,37,36,36
6533151400,02103902,11/01/2009,48,46,44,45,45,45,44,45,45,45,44,44,44,45,53,63,72,84,90,98,116,123,123,127,135,140,140,143,144,146,148,144,140,135,123,114,77,54,50,49,34,34,34,34,35,34,34,35
6533151400,02103902,10/31/2009,48,49,45,46,45,45,44,44,44,46,43,42,41,40,42,44,50,66,73,86,117,133,147,151,159,161,164,168,166,168,177,182,183,178,174,167,148,135,122,112,109,92,80,77,76,71,70,64
6533151400,02103902,10/30/2009,32,31,29,30,31,30,30,30,30,30,30,30,29,30,29,28,36,61,74,90,114,124,135,141,144,148,150,156,154,158,154,151,154,151,150,133,118,92,81,59,63,59,57,57,57,51,50,49
6533151400,02103902,10/29/2009,30,32,29,29,29,28,29,29,31,28,28,29,27,27,27,27,36,65,78,93,115,129,136,147,152,150,154,156,156,165,157,162,149,145,149,152,133,137,116,111,100,99,50,38,32,35,31,31
6533151400,02103902,10/28/2009,37,38,36,31,31,31,31,31,31,31,30,31,29,30,30,30,38,59,69,88,115,134,139,143,148,141,161,160,174,163,172,170,167,162,159,139,112,98,82,72,68,61,41,31,35,29,32,30
6533151400,02103902,10/27/2009,37,32,31,31,31,31,31,31,31,31,31,30,29,29,29,30,38,61,73,85,110,119,129,138,142,151,145,153,146,155,149,148,146,139,142,132,101,91,78,65,62,58,42,42,40,37,38,37
6533151400,02103902,10/26/2009,32,31,32,31,32,32,32,32,32,32,31,31,30,30,30,30,38,62,71,83,107,116,128,134,140,143,146,148,143,157,157,155,153,148,145,133,105,78,68,54,55,54,39,39,40,37,37,37
6533151400,02103902,10/25/2009,33,36,27,26,26,26,27,26,25,26,26,27,25,26,26,26,30,45,59,78,109,117,121,128,139,141,144,147,148,151,150,148,147,144,136,133,101,90,67,45,44,45,30,30,31,31,31,31
6533151400,02103902,10/24/2009,41,41,41,42,41,42,41,42,41,41,40,42,40,40,39,40,45,65,88,105,142,174,183,190,190,170,176,180,188,188,187,186,182,177,137,113,96,93,68,53,57,55,52,55,57,47,47,46
6533151400,02103902,10/23/2009,33,29,29,29,29,29,29,29,29,29,28,28,26,28,27,28,36,59,74,83,103,123,139,148,155,162,164,157,163,165,173,172,170,161,143,125,121,104,93,86,83,88,78,69,68,59,57,45
6533151400,02103902,10/22/2009,30,31,31,31,31,31,31,32,31,30,31,30,28,32,30,30,39,62,74,92,110,122,133,139,150,147,155,158,172,178,172,175,180,168,166,160,158,153,134,112,112,103,58,38,33,32,33,33
6533151400,02103902,10/21/2009,29,29,30,29,29,29,30,30,29,30,29,29,28,28,28,28,36,54,69,80,110,123,136,138,141,143,157,153,160,155,161,162,159,167,159,153,113,93,81,69,64,62,40,34,34,31,30,31
6533151400,02103902,10/20/2009,28,28,29,28,28,28,28,28,28,29,27,28,26,27,26,27,35,56,66,80,112,124,133,136,139,142,149,155,150,148,144,141,145,143,139,129,92,83,76,55,51,48,37,34,35,32,30,29
6533151400,02103902,10/19/2009,28,29,29,29,29,29,29,29,29,28,29,28,28,28,28,28,39,58,68,80,105,119,129,131,135,139,140,141,144,144,144,146,141,134,129,124,94,79,70,53,53,49,33,33,34,28,28,28
6533151400,02103902,10/18/2009,40,35,35,35,36,36,35,37,36,36,36,38,34,34,35,35,43,50,61,77,106,115,116,129,138,139,142,142,143,149,147,144,142,141,135,127,90,74,65,52,50,41,28,27,29,29,29,29
6533151400,02103902,10/17/2009,43,44,43,43,42,43,43,44,44,44,43,43,42,43,41,43,48,66,68,87,118,128,136,145,150,150,153,152,152,158,155,154,153,147,116,103,87,77,65,54,54,53,53,55,53,56,58,55
6533151400,02103902,10/16/2009,35,34,35,34,35,34,35,34,34,33,34,33,33,32,33,33,42,61,69,84,114,130,137,145,150,150,153,155,154,154,154,153,145,143,137,131,101,86,72,51,50,48,48,49,48,47,46,46
6533151400,02103902,10/15/2009,26,27,26,27,26,26,26,26,27,26,26,26,25,25,25,26,32,56,64,77,104,114,122,132,134,136,140,142,149,152,151,148,144,142,136,134,128,121,111,96,95,91,50,42,41,34,34,34
6533151400,02103902,10/14/2009,33,33,34,33,33,34,34,32,30,30,30,30,29,29,29,29,38,57,68,81,116,128,133,139,139,142,142,144,143,146,141,142,142,133,102,95,89,78,74,62,63,63,46,39,39,37,37,31
6533151400,02103902,10/13/2009,28,28,28,28,28,28,28,29,28,28,28,27,26,27,27,28,37,58,69,82,111,121,128,129,137,144,148,150,156,154,149,155,155,144,145,134,101,83,69,54,54,53,35,36,35,34,34,33
6533151400,02103902,10/12/2009,29,29,29,30,30,30,30,30,30,30,30,29,28,28,28,28,36,58,69,83,118,129,137,141,143,144,147,147,148,146,144,144,141,136,128,124,90,78,70,50,46,45,30,31,31,29,28,28
6533151400,02103902,10/11/2009,39,34,28,28,28,29,28,28,28,29,29,28,27,27,26,27,31,46,54,75,100,112,121,129,135,144,143,152,157,156,162,166,162,158,153,148,99,87,72,56,52,51,32,29,30,29,28,29
6533151400,02103902,10/10/2009,55,51,57,46,60,48,58,47,55,48,55,47,54,49,49,51,57,84,76,102,138,144,150,156,162,174,172,179,186,190,180,182,165,154,130,108,86,78,65,51,51,52,54,51,52,52,52,49
6533151400,02103902,10/09/2009,30,30,32,29,29,30,29,32,29,29,29,29,28,28,28,28,36,64,76,98,129,141,154,166,179,175,187,190,191,191,193,195,195,194,188,171,143,124,102,65,66,67,68,60,59,56,58,54
6533151400,02103902,10/08/2009,28,28,28,28,28,29,28,29,28,29,28,28,27,26,27,27,35,57,72,85,110,120,131,137,149,154,154,152,159,165,176,174,171,166,160,159,156,150,140,121,120,104,57,44,45,32,33,29
6533151400,02103902,10/07/2009,40,36,36,40,35,40,36,35,33,29,29,32,27,32,27,28,43,61,81,91,132,152,169,164,173,171,176,179,180,179,177,174,176,159,160,148,115,93,82,67,62,57,36,30,29,28,28,28
6533151400,02103902,10/06/2009,33,33,33,33,33,33,33,34,34,33,34,33,32,32,32,33,44,66,76,91,113,135,137,152,162,166,171,177,178,179,171,176,170,157,162,149,115,105,94,70,63,66,40,45,37,36,40,35
6533151400,02103902,10/05/2009,26,26,26,26,26,26,26,26,26,29,28,32,33,42,42,43,55,80,90,99,114,131,143,154,157,158,164,166,170,171,171,172,173,165,153,146,115,107,90,68,72,61,41,43,40,40,40,38
6533151400,02103902,10/04/2009,34,34,34,33,34,34,33,33,33,33,33,33,32,33,31,31,39,53,64,82,117,123,136,153,164,165,167,171,181,174,172,180,181,173,140,125,117,104,92,64,61,48,31,31,32,28,26,26
6533151400,02103902,10/03/2009,50,46,52,48,48,50,46,50,45,45,51,46,44,44,48,45,51,66,75,87,133,152,158,175,187,190,185,194,189,192,197,199,201,189,183,172,118,93,79,59,54,57,53,54,52,50,56,48
6533151400,02103902,10/02/2009,31,30,30,30,30,30,30,30,31,30,31,30,29,29,29,29,38,58,69,85,115,124,137,139,155,172,171,176,186,179,178,180,170,165,168,147,130,103,94,68,69,63,59,63,57,59,50,51
6533151400,02103902,10/01/2009,29,29,28,26,26,26,26,26,26,26,26,26,25,24,25,24,37,63,75,86,113,124,129,132,139,140,146,149,152,150,152,154,156,155,152,148,144,142,125,107,102,95,51,41,40,37,34,31
6533151400,02103902,09/30/2009,37,36,37,37,37,33,30,30,30,30,30,30,28,29,29,29,38,70,79,95,123,137,147,154,169,164,171,170,172,174,171,179,167,172,156,146,117,98,82,69,65,67,44,36,32,29,29,29
6533151400,02103902,09/29/2009,26,26,28,27,27,26,26,27,26,26,26,26,25,24,25,25,34,65,77,87,118,132,147,155,161,159,158,167,164,168,168,169,162,154,159,142,118,98,84,69,68,67,45,43,37,37,36,36
6533151400,02103902,09/28/2009,30,27,27,27,27,28,27,28,28,28,27,27,26,26,26,26,36,63,69,88,113,124,151,153,174,175,186,191,184,186,195,189,192,184,176,170,117,99,82,61,61,59,40,38,35,35,27,30
6533151400,02103902,09/27/2009,31,30,24,23,23,23,23,23,23,23,23,23,22,22,22,22,29,42,53,67,99,116,128,158,165,189,181,194,199,209,204,201,196,189,182,171,120,92,74,55,58,53,34,31,28,31,28,27
6533151400,02103902,09/26/2009,44,43,42,44,42,41,41,41,41,41,41,41,40,40,39,39,48,66,72,91,118,135,145,165,173,171,179,176,176,176,180,171,177,174,126,116,85,73,65,50,51,49,46,48,48,47,47,45
6533151400,02103902,09/25/2009,48,38,44,41,32,38,31,33,36,29,32,33,26,31,26,28,40,71,90,106,123,142,147,161,173,168,176,181,177,186,187,174,178,165,142,123,113,105,85,79,73,70,70,70,53,44,44,43
6533151400,02103902,09/24/2009,38,40,37,31,41,30,39,33,35,33,33,37,27,39,27,34,48,86,91,126,162,177,188,205,212,214,220,221,221,217,219,218,214,209,213,218,202,198,183,153,139,131,67,60,49,40,44,38
6533151400,02103902,09/23/2009,27,33,34,30,30,33,31,29,34,28,32,34,25,34,29,28,43,77,90,118,149,164,178,191,203,207,213,218,220,219,224,225,222,219,213,205,171,140,122,104,102,92,63,54,54,54,51,42
6533151400,02103902,09/22/2009,35,30,32,32,29,34,27,34,27,32,27,29,30,25,32,25,45,65,84,106,139,156,173,189,191,199,197,199,200,200,201,196,190,184,174,167,138,124,107,69,66,57,39,45,38,32,35,33
6533151400,02103902,09/21/2009,37,35,35,35,35,35,34,34,34,34,34,33,32,32,31,32,43,69,78,97,132,150,166,169,184,181,190,195,199,197,199,198,191,190,171,176,130,105,98,66,65,71,38,48,36,32,35,29
6533151400,02103902,09/20/2009,39,40,39,29,27,26,27,27,26,26,26,26,24,24,24,24,29,47,57,71,115,129,143,163,170,178,185,185,182,191,185,193,191,181,179,153,119,90,77,59,56,55,37,35,38,37,36,33
6533151400,02103902,09/19/2009,52,51,59,51,51,57,50,49,56,50,47,47,46,45,44,44,50,64,69,84,121,144,165,175,187,186,190,186,196,197,197,197,201,195,153,133,110,98,75,62,58,55,58,54,53,55,53,52
6533151400,02103902,09/18/2009,37,43,37,37,41,36,40,37,35,40,35,35,39,34,34,39,47,76,90,101,133,141,165,161,181,182,174,191,192,195,195,198,194,194,188,179,148,126,104,70,63,56,68,54,50,60,51,59
6533151400,02103902,09/17/2009,26,32,26,32,26,32,26,31,26,28,28,26,29,25,28,26,35,64,78,92,123,138,151,164,163,177,167,177,167,177,165,177,162,172,164,160,155,149,133,123,118,106,57,40,45,39,43,38
6533151400,02103902,09/16/2009,39,36,40,33,39,31,36,27,34,33,29,34,26,33,27,36,44,78,92,112,136,162,154,173,164,184,175,188,187,189,185,182,176,178,165,163,116,102,93,77,85,68,52,37,39,30,31,33
6533151400,02103902,09/15/2009,34,29,31,33,26,33,26,31,26,32,26,32,24,26,28,29,39,82,88,116,162,172,185,191,190,204,204,203,203,203,198,196,193,188,176,169,140,120,83,60,64,71,33,48,37,47,33,41
6533151400,02103902,09/14/2009,26,30,26,29,27,26,26,30,26,26,30,26,25,29,25,25,41,62,81,95,132,158,160,171,184,170,187,191,187,178,189,188,186,183,175,154,137,99,79,71,67,56,42,41,32,37,34,28
6533151400,02103902,09/13/2009,53,40,40,26,33,26,29,26,24,29,22,23,27,22,22,29,28,50,60,86,116,142,154,154,175,180,187,193,201,200,203,205,199,180,169,162,121,100,82,53,46,45,32,26,31,27,30,27
6533151400,02103902,09/12/2009,52,50,48,49,49,47,47,47,45,46,45,45,41,42,40,41,46,66,75,92,120,150,166,172,177,184,187,194,195,197,197,196,202,187,154,135,119,107,85,63,68,62,64,61,69,62,64,52
6533151400,02103902,09/11/2009,27,29,27,28,27,27,27,27,27,27,27,27,26,26,26,26,35,63,69,78,111,122,134,144,146,149,157,157,166,164,173,163,171,158,155,142,118,92,77,63,59,60,60,60,60,59,53,50
6533151400,02103902,09/10/2009,42,35,43,33,41,32,39,37,34,39,32,37,34,33,36,31,48,71,82,95,120,132,141,163,158,171,166,174,168,167,170,170,175,159,165,157,161,147,140,120,109,102,50,38,37,33,27,27
6533151400,02103902,09/09/2009,44,46,41,32,36,29,34,31,32,31,30,33,27,33,29,31,44,62,84,100,132,151,157,173,167,182,174,184,176,181,180,185,174,183,164,163,125,102,105,76,83,81,51,51,39,51,36,41
6533151400,02103902,09/08/2009,40,45,34,40,41,40,35,41,38,35,39,32,39,33,36,38,43,78,82,107,123,148,150,167,171,178,169,181,172,181,174,177,170,171,163,159,135,114,99,84,66,76,42,47,51,39,50,43
6533151400,02103902,09/07/2009,57,39,39,35,34,39,30,40,30,36,35,31,33,29,31,39,39,74,85,100,149,149,166,173,181,185,190,193,197,200,198,199,199,192,185,174,143,125,108,89,84,65,38,42,43,37,47,36
6533151400,02103902,09/06/2009,39,51,39,40,29,41,31,36,34,31,38,27,34,29,30,37,36,63,76,93,146,162,176,182,198,213,219,223,224,231,229,228,227,224,193,162,141,124,102,77,68,65,51,43,51,44,47,43
6533151400,02103902,09/05/2009,64,57,62,58,60,62,54,62,48,51,44,51,42,48,42,49,62,77,95,116,152,178,197,214,224,227,229,233,230,235,234,235,228,221,183,162,139,121,101,76,80,81,66,67,66,70,55,67
6533151400,02103902,09/04/2009,38,36,40,34,40,39,35,39,35,40,36,37,38,32,38,35,50,78,90,104,134,157,164,175,186,189,194,198,200,200,205,198,192,192,187,180,149,134,108,79,70,60,69,63,59,64,59,59
6533151400,02103902,09/03/2009,30,31,26,30,30,28,30,26,30,25,31,25,24,29,26,31,39,70,83,97,129,152,159,184,182,170,161,168,174,182,186,183,178,178,173,168,157,166,142,117,115,110,46,45,45,41,40,40
6533151400,02103902,09/02/2009,30,27,31,27,31,27,30,26,27,30,26,26,28,25,25,29,35,71,81,100,128,149,155,178,179,180,183,180,182,180,190,184,190,193,185,179,135,118,102,74,74,70,35,28,32,31,30,26
6533151400,02103902,09/01/2009,36,34,34,35,31,35,31,33,33,32,34,31,30,30,33,29,48,73,90,101,137,152,163,174,180,180,181,187,182,185,188,182,185,177,165,159,129,106,85,58,60,55,33,32,32,29,30,31
