6533151400,02103902,03/04/2010,34,34,34,34,33,31,28,29,29,28,28,28,28,27,34,53,60,62,-,-,-,-,-,-,-,-,-,-,-,-,-,-,-,-,-,-,-,-,-,-,-,-,-,-,-,-,-,-
6533151400,02103902,03/03/2010,30,30,29,29,30,29,29,29,29,29,30,29,28,28,34,54,62,64,75,91,115,130,139,141,144,146,146,145,149,149,148,147,144,141,136,128,97,76,73,65,45,40,37,38,34,34,34,34
6533151400,02103902,03/02/2010,30,30,30,30,29,30,30,30,29,30,30,29,28,28,35,53,58,62,70,86,112,126,139,142,144,142,144,148,147,147,144,144,142,135,133,118,82,62,58,54,38,37,38,40,39,31,29,29
6533151400,02103902,03/01/2010,31,31,30,31,30,31,30,31,30,30,30,30,30,29,36,55,61,64,72,88,111,121,126,135,138,141,145,144,146,147,147,145,143,133,124,118,83,61,58,57,44,43,42,40,33,29,30,29
6533151400,02103902,02/28/2010,30,30,30,30,30,30,30,30,30,30,30,29,29,29,34,45,52,62,65,74,103,110,119,129,139,139,143,143,144,145,145,145,146,143,133,125,92,66,62,59,45,48,45,47,49,34,31,32
6533151400,02103902,02/27/2010,41,41,40,41,41,40,41,40,41,41,40,40,40,39,45,58,60,60,70,88,111,127,139,145,149,151,153,153,152,151,149,151,151,148,140,129,83,55,54,54,53,53,52,52,48,43,33,30
6533151400,02103902,02/26/2010,34,34,34,33,32,32,32,32,32,32,32,31,31,31,37,55,65,64,71,90,114,128,136,143,147,144,147,151,152,152,152,149,148,139,135,126,88,63,57,54,54,54,51,51,51,51,48,44
6533151400,02103902,02/25/2010,32,31,31,30,31,30,30,30,30,30,30,30,29,29,35,55,64,65,73,97,118,129,136,142,143,144,148,150,149,152,151,148,146,143,140,137,123,106,106,105,90,84,60,49,54,51,50,35
6533151400,02103902,02/24/2010,34,34,35,34,35,34,36,35,35,36,35,35,34,34,41,60,71,73,83,99,122,134,140,142,148,147,146,147,147,150,152,145,143,139,135,127,96,75,74,72,53,43,40,40,37,36,37,35
6533151400,02103902,02/23/2010,31,31,32,31,32,32,32,31,32,31,31,32,31,30,35,56,65,65,73,87,115,129,140,142,148,147,150,146,147,147,148,145,140,135,129,119,87,66,66,62,46,48,49,51,48,45,37,34
6533151400,02103902,02/22/2010,41,41,41,41,41,40,39,40,41,41,40,39,38,39,46,64,73,73,81,91,110,120,132,134,138,142,141,142,145,145,145,143,140,132,126,116,86,63,60,56,44,44,39,37,36,36,37,35
6533151400,02103902,02/21/2010,39,41,40,39,40,39,40,41,41,39,39,39,38,38,44,55,63,74,76,90,122,128,134,144,148,150,153,154,154,157,156,155,147,136,121,114,91,73,74,75,59,57,58,55,55,54,52,52
6533151400,02103902,02/20/2010,54,50,48,49,46,45,46,45,45,45,46,44,44,45,50,63,64,66,72,85,117,131,139,146,151,152,153,157,158,157,157,158,157,154,144,134,97,71,64,62,55,55,55,55,54,48,39,39
6533151400,02103902,02/19/2010,33,33,33,33,33,33,35,34,33,32,31,31,31,32,39,57,64,64,73,87,113,123,136,141,145,147,149,150,149,149,148,146,146,139,131,124,93,69,67,66,66,69,67,64,64,59,56,55
6533151400,02103902,02/18/2010,42,41,41,39,31,31,31,30,31,31,29,30,30,29,37,54,63,65,72,85,110,119,128,134,140,140,144,146,148,148,147,144,144,141,136,137,128,113,111,108,93,85,60,48,45,43,43,38
6533151400,02103902,02/17/2010,36,36,35,35,35,35,35,35,34,35,34,34,34,34,40,59,69,72,78,95,112,124,141,144,148,149,152,151,145,148,147,145,139,136,131,122,96,79,75,72,55,50,48,48,43,43,41,42
6533151400,02103902,02/16/2010,37,37,37,38,37,37,38,37,37,37,35,36,36,35,42,63,71,72,78,88,114,120,134,139,141,143,147,147,147,148,148,146,144,138,130,124,91,70,68,64,49,52,49,46,47,40,36,35
6533151400,02103902,02/15/2010,35,35,35,34,35,35,34,35,35,34,34,34,33,34,40,58,65,66,71,88,111,121,130,135,137,143,144,146,149,144,141,134,129,123,124,117,86,63,61,59,47,45,47,45,42,38,38,37
6533151400,02103902,02/14/2010,33,33,33,33,33,33,34,33,33,33,31,32,34,37,41,52,60,70,73,79,99,111,123,131,137,139,143,140,144,146,146,147,144,140,130,121,86,58,55,51,38,38,38,38,37,34,35,34
6533151400,02103902,02/13/2010,43,43,43,43,43,43,42,43,43,42,41,41,41,42,49,64,66,67,75,91,113,120,131,138,140,146,148,147,149,150,152,149,148,145,137,125,82,56,54,52,52,54,51,52,51,46,32,33
6533151400,02103902,02/12/2010,32,33,33,32,33,32,33,33,32,33,31,31,31,31,38,56,63,65,76,91,99,100,104,122,130,133,136,142,139,139,138,139,133,130,121,114,87,59,51,51,52,46,45,43,43,43,43,42
6533151400,02103902,02/11/2010,29,28,30,29,28,29,29,28,29,28,27,28,27,28,34,54,59,60,64,72,88,93,98,99,101,102,104,104,103,108,110,113,110,109,105,102,82,62,58,50,37,36,33,32,32,32,33,33
6533151400,02103902,02/10/2010,31,31,31,31,31,31,31,32,31,31,30,29,30,30,36,55,60,62,65,71,80,82,81,82,85,84,84,85,85,85,84,85,83,84,83,82,70,57,56,57,40,34,32,33,32,32,32,28
6533151400,02103902,02/09/2010,35,35,35,35,35,35,35,35,34,35,33,34,33,34,40,58,65,66,72,82,98,108,112,110,113,115,117,117,118,116,116,112,111,108,101,97,76,52,48,47,36,34,34,32,33,33,31,32
6533151400,02103902,02/08/2010,35,35,34,35,35,35,34,35,35,35,33,34,34,33,40,58,64,65,69,80,97,101,104,111,110,107,108,109,109,109,108,110,110,106,105,100,78,54,52,47,36,35,35,35,35,35,35,35
6533151400,02103902,02/07/2010,32,32,33,32,32,32,32,33,33,32,31,32,32,32,37,48,55,63,68,73,82,86,94,96,106,106,106,108,107,109,108,109,108,108,101,98,73,55,54,50,35,35,34,34,34,35,35,35
6533151400,02103902,02/06/2010,43,43,43,42,43,43,43,43,43,43,42,42,41,42,48,61,61,61,65,73,80,81,83,84,84,84,85,85,85,85,85,84,84,85,84,82,65,49,49,46,46,46,45,45,44,42,32,33
6533151400,02103902,02/05/2010,36,36,35,35,35,34,35,33,31,30,30,30,29,29,36,54,62,61,69,80,109,120,123,121,120,119,116,119,112,106,102,99,97,97,99,94,72,52,50,47,46,45,43,43,44,43,43,43
6533151400,02103902,02/04/2010,33,33,33,33,33,32,32,32,31,32,31,30,30,31,37,57,67,66,72,83,106,128,138,140,145,146,146,147,147,152,149,151,148,144,142,139,124,105,98,93,76,68,53,45,49,45,36,37
6533151400,02103902,02/03/2010,36,35,36,36,35,35,33,30,30,31,29,29,29,29,35,54,60,63,75,90,109,118,125,130,130,135,137,138,140,139,140,143,139,138,131,122,91,74,71,69,54,47,43,45,40,39,36,34
6533151400,02103902,02/02/2010,32,33,32,32,33,32,32,33,32,32,31,31,31,31,38,57,63,65,74,85,109,125,138,142,148,145,146,146,146,145,143,144,138,129,122,110,76,56,50,47,37,36,36,35,36,35,35,35
6533151400,02103902,02/01/2010,34,33,34,34,33,34,33,33,33,34,32,32,32,32,39,57,68,73,74,90,112,121,131,134,142,147,150,145,147,148,147,145,139,138,129,120,86,65,62,62,51,47,45,41,35,32,33,32
6533151400,02103902,01/31/2010,42,40,39,38,34,33,33,33,33,33,32,34,37,37,46,62,68,69,76,83,106,115,119,126,131,136,138,138,141,141,140,141,137,137,135,125,90,64,57,54,42,42,39,38,38,36,35,34
6533151400,02103902,01/30/2010,45,45,44,45,45,44,44,44,44,44,44,43,44,43,50,61,64,63,71,87,112,117,122,122,128,131,126,123,122,120,115,113,112,108,99,97,81,57,55,56,53,53,53,54,54,49,40,39
6533151400,02103902,01/29/2010,36,36,36,36,36,34,34,34,34,34,32,33,34,34,39,59,69,71,76,90,115,124,133,141,146,147,152,152,152,153,151,151,147,142,137,126,96,65,64,63,56,53,52,49,47,47,47,45
6533151400,02103902,01/28/2010,29,29,29,29,29,30,29,29,28,30,28,28,27,28,35,54,61,62,71,83,108,119,128,132,138,141,138,139,146,147,145,148,145,139,138,137,124,111,112,108,93,87,67,57,54,40,35,36
6533151400,02103902,01/27/2010,38,38,38,39,38,38,38,39,38,35,33,33,34,35,42,60,71,70,79,94,116,128,137,141,144,145,146,146,148,149,147,145,142,139,133,125,92,69,66,62,39,34,34,36,32,30,28,28
6533151400,02103902,01/26/2010,35,35,36,31,30,30,30,30,31,30,30,29,29,30,37,54,66,67,74,87,114,126,137,139,142,141,146,147,148,145,144,146,143,134,131,123,85,58,55,53,40,41,42,41,39,37,38,38
6533151400,02103902,01/25/2010,31,31,31,31,31,32,31,31,31,31,30,30,30,30,35,53,63,63,68,79,105,116,127,134,138,140,144,144,144,146,144,143,140,131,129,121,82,62,60,57,46,44,44,43,44,43,38,35
6533151400,02103902,01/24/2010,33,33,34,33,32,32,32,32,33,33,32,32,31,31,36,47,57,65,73,84,108,116,120,125,134,139,142,143,146,144,147,146,145,145,142,128,86,58,58,54,40,36,37,36,36,36,35,31
6533151400,02103902,01/23/2010,47,44,43,44,43,44,43,43,43,43,42,43,42,42,48,61,63,63,71,87,116,127,135,144,150,153,153,152,151,152,154,152,149,146,140,130,90,59,57,52,54,51,49,46,45,42,33,34
6533151400,02103902,01/22/2010,36,36,36,36,35,34,34,36,37,36,36,35,35,36,42,60,72,71,75,87,115,125,133,144,149,152,152,153,156,156,153,154,150,144,136,125,91,64,59,59,58,57,57,54,52,52,52,51
6533151400,02103902,01/21/2010,31,31,31,31,32,31,31,31,32,31,31,31,31,30,37,58,68,68,74,83,115,126,135,140,145,146,146,146,146,151,148,149,144,144,137,138,125,107,105,104,91,84,68,55,58,52,50,42
6533151400,02103902,01/20/2010,32,32,33,32,32,32,32,32,32,32,31,32,31,32,38,56,67,67,75,89,114,132,136,137,140,147,146,145,147,148,148,145,142,142,138,128,90,69,67,64,48,39,39,38,35,31,32,31
6533151400,02103902,01/19/2010,40,39,40,39,39,40,40,40,39,39,40,38,39,39,46,64,74,74,81,96,119,133,141,149,154,151,153,160,156,154,154,153,143,140,133,126,92,66,63,62,49,47,45,40,39,36,34,32
6533151400,02103902,01/18/2010,35,36,35,35,35,35,36,35,35,35,34,34,34,34,40,59,68,68,73,86,111,119,130,134,140,145,146,144,147,151,149,147,148,143,136,131,95,67,64,65,51,51,49,48,51,44,40,40
6533151400,02103902,01/17/2010,36,36,36,36,36,36,36,36,36,36,35,36,35,35,40,51,60,66,72,81,104,115,129,138,146,147,150,151,146,147,146,147,145,144,134,123,87,57,55,54,42,40,38,36,35,35,35,35
6533151400,02103902,01/16/2010,47,44,42,43,43,43,43,43,43,43,41,41,41,42,50,63,66,69,77,91,118,132,141,146,150,151,153,155,154,154,152,155,154,151,143,132,89,57,52,50,49,48,48,48,48,46,36,36
6533151400,02103902,01/15/2010,41,40,39,39,39,39,38,38,39,39,38,38,38,39,44,63,72,75,81,95,119,127,136,139,145,146,150,153,153,154,152,151,148,147,145,137,103,76,63,55,51,53,51,47,47,48,47,47
6533151400,02103902,01/14/2010,36,37,37,36,37,36,37,36,37,37,35,35,35,35,42,60,69,73,86,97,117,126,135,137,141,144,146,147,146,149,147,146,145,143,139,139,132,112,111,111,98,87,64,53,56,50,45,42
6533151400,02103902,01/13/2010,35,35,35,35,35,35,35,35,35,35,34,34,34,34,41,60,71,76,81,100,118,126,139,142,143,144,147,147,148,150,149,146,144,139,134,127,100,78,77,71,51,46,44,47,41,39,37,37
6533151400,02103902,01/12/2010,36,35,36,36,35,35,35,35,36,35,34,34,34,34,40,60,65,70,75,91,118,20,111,143,146,146,151,152,153,155,152,152,148,141,131,128,98,72,67,65,48,48,50,50,40,37,36,35
6533151400,02103902,01/11/2010,34,35,35,35,35,35,35,35,35,36,34,34,35,34,41,59,70,72,79,95,114,124,134,138,144,146,152,152,152,152,150,147,146,140,131,123,91,66,65,63,49,44,44,44,43,42,38,37
6533151400,02103902,01/10/2010,34,28,28,28,27,28,28,29,28,28,27,27,27,27,31,43,52,62,68,83,106,112,116,126,137,145,145,146,148,147,146,147,144,141,133,127,84,61,58,57,42,43,43,43,43,34,35,35
6533151400,02103902,01/09/2010,51,51,51,51,51,51,50,51,48,45,44,43,44,44,50,62,64,65,72,92,115,123,133,140,140,147,148,151,151,150,148,151,149,143,105,92,64,46,44,43,44,44,44,44,47,45,31,34
6533151400,02103902,01/08/2010,35,35,35,35,34,36,34,35,34,34,34,34,34,33,39,57,65,66,71,87,110,120,132,137,140,143,144,145,146,146,146,142,141,135,128,124,88,64,62,55,54,56,53,53,52,52,51,51
6533151400,02103902,01/07/2010,33,33,33,33,33,33,33,34,33,33,32,32,32,32,38,57,67,67,75,89,119,126,133,139,142,142,145,151,151,149,148,151,147,141,136,131,117,102,101,102,84,78,56,50,46,45,37,35
6533151400,02103902,01/06/2010,34,35,34,35,35,35,35,35,34,35,34,34,33,33,39,57,64,65,72,91,119,128,133,139,148,148,146,148,149,150,146,146,144,140,139,126,93,72,65,58,41,36,37,34,33,34,33,34
6533151400,02103902,01/05/2010,32,32,33,32,32,32,32,31,32,31,31,31,31,31,37,57,66,67,72,90,115,123,133,140,141,140,142,141,139,142,140,143,139,132,130,122,88,58,57,51,38,38,38,38,36,35,35,35
6533151400,02103902,01/04/2010,32,32,32,32,32,32,32,32,32,32,40,42,40,39,42,56,68,68,76,93,112,118,127,131,137,142,143,142,143,144,145,144,139,138,129,118,90,66,64,56,45,40,38,38,38,31,32,32
6533151400,02103902,01/03/2010,33,33,34,33,34,34,34,33,34,33,33,36,41,42,46,58,61,66,72,83,101,109,117,125,131,135,138,140,141,140,140,139,139,136,129,121,79,56,50,47,32,32,32,32,32,32,32,32
6533151400,02103902,01/02/2010,43,43,43,43,43,43,43,43,43,43,42,42,43,43,48,62,62,63,69,82,105,116,131,139,143,144,147,146,147,146,150,151,147,143,133,122,80,56,53,52,51,51,48,45,45,44,33,33
6533151400,02103902,01/01/2010,35,32,31,32,31,30,31,30,30,32,29,30,30,30,35,56,61,62,67,73,81,83,84,83,82,84,83,83,83,84,82,83,84,82,83,80,62,44,43,43,43,43,43,43,43,43,43,43
6533151400,02103902,12/31/2009,26,27,27,27,27,26,27,26,27,27,26,26,26,27,31,51,58,60,65,78,105,116,120,129,136,139,140,139,140,138,134,132,129,128,112,100,83,62,63,60,48,49,44,43,44,43,42,42
6533151400,02103902,12/30/2009,26,27,27,26,27,27,27,27,27,27,25,25,25,25,30,50,58,58,66,78,107,120,126,130,132,140,140,142,145,143,143,141,140,135,131,122,88,65,63,62,41,32,33,32,32,27,27,27
6533151400,02103902,12/29/2009,27,26,27,27,27,27,27,27,27,27,26,25,26,26,31,51,61,62,68,83,106,118,128,135,139,140,144,145,143,141,139,136,136,134,125,115,77,50,48,43,31,29,30,30,30,28,31,26
6533151400,02103902,12/28/2009,27,27,27,27,27,27,27,27,26,26,25,25,25,24,31,50,62,62,66,79,103,110,117,120,125,130,132,133,135,135,133,132,131,126,121,116,80,52,45,43,29,29,28,29,29,29,28,30
6533151400,02103902,12/27/2009,25,25,25,25,25,24,24,25,24,24,23,23,23,24,27,39,46,57,60,73,99,107,115,124,128,133,137,138,139,138,140,139,136,133,125,112,74,48,43,44,31,30,29,31,27,26,27,27
6533151400,02103902,12/26/2009,43,41,44,43,41,42,44,42,42,43,42,41,42,41,46,58,61,60,66,84,103,119,123,130,132,133,135,134,134,136,133,135,135,131,122,113,78,50,48,44,45,36,36,38,37,35,25,26
6533151400,02103902,12/25/2009,32,31,32,32,32,32,32,32,32,31,31,31,31,31,36,56,61,62,67,72,81,83,83,83,83,85,84,84,83,83,83,84,82,82,82,81,62,45,45,45,45,44,43,43,42,42,43,42
6533151400,02103902,12/24/2009,29,28,28,29,28,28,29,28,29,28,27,27,27,27,33,52,59,60,64,73,109,114,124,127,129,131,131,129,128,128,130,129,124,119,111,104,79,55,53,53,37,38,33,31,32,31,32,32
6533151400,02103902,12/23/2009,31,31,30,29,29,29,29,29,29,28,28,28,27,28,34,52,63,65,73,84,116,122,132,134,135,139,141,140,143,142,141,141,140,134,132,126,89,61,56,55,38,33,33,32,32,30,28,28
6533151400,02103902,12/22/2009,30,30,30,30,30,30,29,30,30,30,29,28,28,30,34,53,62,62,69,80,113,123,133,139,141,142,141,143,144,144,142,141,138,131,131,126,85,58,53,49,37,35,32,31,31,31,31,31
6533151400,02103902,12/21/2009,32,32,32,31,34,32,32,32,32,34,32,31,30,31,39,55,61,64,69,75,95,106,112,118,121,127,129,129,130,131,130,134,129,120,117,113,87,55,53,50,37,34,32,29,30,29,30,29
6533151400,02103902,12/20/2009,28,28,28,27,28,27,28,29,28,28,27,27,29,27,31,43,50,59,62,76,93,97,101,107,108,111,112,112,112,115,115,116,115,114,108,105,76,47,46,46,34,33,33,32,32,32,32,32
6533151400,02103902,12/19/2009,43,41,38,39,39,38,39,39,38,39,37,37,37,37,44,57,55,57,70,81,97,99,100,103,102,103,104,101,100,100,100,101,102,98,99,95,67,45,44,43,43,42,41,41,40,38,27,29
6533151400,02103902,12/18/2009,35,34,34,34,34,34,35,34,34,33,33,32,34,33,39,57,65,65,71,82,109,118,129,140,142,143,145,148,151,150,145,145,142,140,122,110,79,55,56,52,50,49,46,45,45,43,45,43
6533151400,02103902,12/17/2009,30,31,31,31,31,31,31,31,31,31,30,30,29,30,36,55,66,66,73,85,108,117,132,137,141,143,143,146,146,146,145,146,147,144,139,139,126,109,110,105,92,83,60,45,40,41,35,34
6533151400,02103902,12/16/2009,27,26,26,26,26,27,26,26,27,26,25,26,26,25,32,50,60,62,71,86,112,123,130,137,138,143,144,143,145,148,148,145,144,142,136,127,89,67,64,63,45,39,33,32,31,31,30,31
6533151400,02103902,12/15/2009,30,30,30,30,30,29,28,29,30,27,28,27,27,27,33,51,60,64,72,90,111,118,130,137,138,139,142,147,150,145,144,144,139,132,127,121,81,51,48,46,33,31,29,28,27,27,28,26
6533151400,02103902,12/14/2009,32,31,32,32,31,32,32,31,32,31,30,31,31,30,37,55,62,68,71,85,108,119,126,132,139,140,142,146,143,147,145,142,139,134,126,116,80,57,51,46,34,33,33,33,33,34,33,33
6533151400,02103902,12/13/2009,27,25,25,24,25,26,25,24,25,25,24,23,24,24,28,41,49,61,66,79,105,109,116,127,140,143,140,142,142,141,142,141,139,136,127,114,81,57,52,49,37,34,32,32,31,32,31,32
6533151400,02103902,12/12/2009,47,41,41,41,41,41,40,41,41,41,40,40,43,39,47,59,60,62,70,83,115,126,133,140,145,146,148,150,152,153,150,154,153,148,109,96,73,46,46,44,44,45,45,43,43,42,31,32
6533151400,02103902,12/11/2009,31,30,31,30,31,31,30,31,31,31,29,30,30,29,36,55,63,64,71,84,111,122,130,133,135,136,140,142,144,146,144,142,139,136,118,102,80,54,47,45,47,46,46,44,45,44,45,46
6533151400,02103902,12/10/2009,27,26,27,27,27,27,27,27,26,27,26,26,26,26,31,52,61,63,67,79,108,121,127,134,135,137,140,142,143,142,143,142,145,142,141,143,132,114,112,110,95,84,55,39,36,32,31,30
6533151400,02103902,12/09/2009,29,27,28,29,29,27,27,30,27,27,28,27,26,29,31,50,59,62,71,85,107,122,130,137,141,144,143,146,146,145,144,142,139,136,130,124,91,67,67,61,45,40,40,32,28,28,27,28
6533151400,02103902,12/08/2009,25,26,26,26,26,26,25,26,26,28,24,24,24,24,30,49,58,60,64,82,106,116,125,135,134,135,139,142,143,141,141,141,138,135,128,119,91,59,55,52,31,30,29,30,29,30,30,29
6533151400,02103902,12/07/2009,33,33,33,33,33,33,33,34,33,35,32,32,32,32,38,56,64,68,73,85,106,116,124,132,135,138,138,141,141,141,142,139,132,132,127,126,92,62,62,58,42,42,39,37,36,32,26,26
6533151400,02103902,12/06/2009,45,39,36,34,34,36,34,34,34,34,34,34,34,32,38,48,54,65,74,82,109,119,127,135,145,145,147,148,147,144,144,145,143,138,133,122,82,55,54,49,34,34,33,33,32,33,33,33
6533151400,02103902,12/05/2009,49,48,48,47,47,45,45,44,45,45,44,44,44,44,50,63,65,67,75,95,123,133,140,142,145,148,151,152,156,157,155,151,148,142,108,95,73,52,52,59,60,59,59,61,62,59,53,51
6533151400,02103902,12/04/2009,35,33,35,34,34,32,32,32,32,32,30,31,31,31,37,58,69,70,77,91,118,128,134,142,146,148,149,150,152,153,154,149,148,143,120,107,85,60,55,54,53,53,53,52,51,51,51,48
6533151400,02103902,12/03/2009,24,24,24,24,24,24,24,24,24,24,23,23,23,23,29,48,58,59,68,83,111,123,132,136,141,143,148,149,150,151,150,149,148,149,156,156,148,136,136,136,120,116,81,50,45,41,35,34
6533151400,02103902,12/02/2009,26,27,26,27,26,27,27,27,26,26,26,26,26,26,32,53,64,72,81,91,118,128,135,140,143,144,145,146,149,151,147,146,144,138,129,123,88,70,65,62,40,34,35,31,30,27,24,24
6533151400,02103902,12/01/2009,27,27,27,27,27,27,27,27,28,27,26,26,26,26,32,51,58,65,69,87,107,123,132,136,138,142,142,146,146,146,144,142,136,132,126,122,88,63,56,49,34,34,29,30,30,31,27,27
6533151400,02103902,11/30/2009,30,30,29,29,30,29,30,28,29,29,28,27,28,27,31,54,65,65,69,82,104,115,126,134,136,139,140,139,141,144,143,139,134,130,123,109,79,51,45,43,31,31,31,31,31,31,30,27
6533151400,02103902,11/29/2009,30,30,30,30,30,30,30,30,30,30,30,30,30,30,34,47,58,67,75,82,106,117,122,130,139,143,144,144,151,155,152,151,152,146,140,129,90,60,58,54,37,34,30,29,29,29,30,30
6533151400,02103902,11/28/2009,43,41,42,41,42,41,42,41,41,40,38,38,38,38,45,57,58,61,66,85,110,120,127,133,140,142,146,148,148,149,149,153,150,143,140,128,84,53,46,45,44,43,44,44,42,40,30,30
6533151400,02103902,11/27/2009,27,27,26,26,26,26,26,26,26,26,25,25,25,25,31,50,56,57,62,79,107,118,123,126,132,135,137,136,140,140,147,148,145,142,140,128,87,59,58,57,52,51,52,51,47,44,43,43
6533151400,02103902,11/26/2009,25,25,25,25,25,25,25,25,25,25,24,24,24,24,30,48,54,55,60,67,74,77,77,78,77,77,76,78,77,80,80,79,79,78,78,74,61,43,44,42,30,30,27,26,26,25,26,26
6533151400,02103902,11/25/2009,32,32,32,32,32,32,32,32,32,32,30,31,30,30,36,56,64,67,78,87,111,119,125,128,132,138,137,139,139,141,140,137,134,128,125,116,84,65,61,52,34,29,29,30,30,29,26,25
6533151400,02103902,11/24/2009,27,27,27,27,28,27,27,27,28,27,26,26,26,26,32,49,57,61,69,85,109,120,129,134,136,139,138,139,140,145,144,144,136,129,124,114,79,55,53,48,35,35,35,34,32,32,31,32
6533151400,02103902,11/23/2009,29,26,25,25,25,25,25,25,25,24,24,24,24,24,29,51,59,64,72,80,102,112,121,127,134,134,137,140,138,137,139,137,134,127,121,112,76,55,50,48,35,36,34,34,34,32,32,32
6533151400,02103902,11/22/2009,35,34,35,32,29,29,30,29,28,28,28,27,27,27,32,43,53,60,63,70,95,105,113,124,132,138,140,141,144,148,147,145,144,139,131,120,79,55,51,45,31,31,32,30,29,29,29,30
6533151400,02103902,11/21/2009,45,43,42,42,41,41,40,40,41,40,39,39,39,39,46,59,61,60,68,87,115,124,134,141,145,152,153,152,154,160,154,161,154,149,137,123,82,56,51,50,49,48,47,48,47,45,34,34
6533151400,02103902,11/20/2009,29,28,29,29,29,28,29,29,29,29,28,28,28,27,33,54,61,65,71,88,109,120,127,131,138,139,142,150,151,147,147,147,143,138,134,119,86,61,59,56,54,52,53,52,50,50,47,46
6533151400,02103902,11/19/2009,31,29,29,29,29,27,28,27,28,27,26,26,26,26,32,51,60,64,69,81,108,124,132,133,149,151,155,167,155,170,156,162,147,155,145,137,123,114,103,113,80,72,62,42,36,32,29,29
6533151400,02103902,11/18/2009,31,28,28,29,29,29,29,29,28,28,27,27,28,29,35,54,64,64,73,86,110,124,128,135,139,143,143,144,145,148,149,146,142,139,132,124,92,71,64,59,40,37,38,36,34,31,32,31
6533151400,02103902,11/17/2009,27,28,25,26,25,25,25,25,25,25,24,24,24,24,30,51,60,64,70,83,109,125,133,137,139,140,140,141,140,143,139,139,135,129,122,118,91,62,60,57,44,44,44,41,36,34,35,34
6533151400,02103902,11/16/2009,33,34,34,34,30,27,28,28,28,27,26,26,26,26,32,51,61,65,74,83,99,112,125,130,135,137,139,140,147,143,151,150,143,138,131,124,91,60,57,55,36,36,35,30,32,28,29,29
6533151400,02103902,11/15/2009,29,25,25,26,25,25,25,25,26,25,25,24,25,25,28,41,49,60,67,79,103,110,117,123,133,143,148,155,155,157,160,159,156,158,147,124,85,56,51,50,33,34,34,34,34,33,34,35
6533151400,02103902,11/14/2009,46,44,44,42,41,41,41,41,41,41,40,39,40,39,44,56,57,63,68,80,108,123,128,134,142,147,147,146,147,150,150,151,149,145,111,98,74,51,52,51,51,55,51,51,50,48,37,36
6533151400,02103902,11/13/2009,33,32,32,31,31,30,30,30,30,30,29,28,29,29,35,55,64,64,70,86,115,126,129,134,135,143,144,145,150,148,146,144,142,138,137,123,94,69,62,55,52,55,54,51,49,49,49,49
6533151400,02103902,11/12/2009,32,32,32,32,32,29,29,29,29,28,28,28,27,28,34,53,67,72,80,87,111,122,130,137,139,141,142,146,149,150,147,146,148,144,138,133,128,115,113,112,97,84,56,44,39,33,33,34
6533151400,02103902,11/11/2009,30,29,31,31,30,31,30,30,30,30,29,28,29,30,36,57,67,69,76,94,113,122,135,136,140,141,142,146,147,148,147,142,143,138,134,125,92,72,65,62,45,40,40,40,37,32,32,32
6533151400,02103902,11/10/2009,27,26,27,27,27,27,27,27,27,26,26,25,26,26,31,52,65,68,74,88,110,121,131,140,143,146,151,152,158,157,153,150,152,138,129,125,88,64,61,59,41,34,37,38,33,31,31,30
6533151400,02103902,11/09/2009,31,30,31,30,30,31,30,30,30,29,28,29,29,28,34,55,68,67,74,90,109,117,129,133,142,146,152,151,153,156,154,157,151,140,138,121,93,71,69,64,37,32,31,29,31,26,27,27
6533151400,02103902,11/08/2009,41,43,36,37,36,37,36,37,37,36,35,35,36,35,40,51,60,71,79,83,109,115,119,131,143,149,168,172,175,185,183,181,181,165,163,137,101,66,65,61,34,31,32,31,31,32,32,30
6533151400,02103902,11/07/2009,41,41,40,40,40,40,40,40,41,40,40,39,40,39,45,57,59,62,69,85,115,121,133,140,148,151,152,155,159,162,164,164,167,161,130,106,82,62,64,63,60,60,60,60,59,57,44,43
6533151400,02103902,11/06/2009,38,37,38,36,37,37,36,37,36,36,35,35,35,34,41,60,68,70,77,91,112,122,131,136,140,142,144,143,146,144,143,142,139,133,130,120,84,59,54,54,53,49,49,49,47,47,41,40
6533151400,02103902,11/05/2009,34,33,32,33,33,33,32,32,32,32,31,31,31,32,37,59,69,76,83,99,116,130,135,142,146,148,146,142,144,147,147,143,144,138,134,129,116,101,98,96,80,73,54,46,41,40,38,38
6533151400,02103902,11/04/2009,35,35,35,35,35,35,35,35,35,35,33,34,33,34,38,58,68,69,77,93,115,125,135,137,139,141,147,147,147,149,147,145,141,139,130,122,92,76,72,71,54,46,41,42,39,36,34,33
6533151400,02103902,11/03/2009,35,35,35,34,35,35,35,35,35,36,34,34,33,34,39,58,70,74,85,98,113,121,130,134,138,140,143,142,142,141,140,138,145,133,124,118,84,65,64,58,38,38,40,40,40,34,35,35
6533151400,02103902,11/02/2009,34,35,35,34,34,34,34,35,33,34,33,33,32,33,38,57,68,74,79,91,105,113,125,128,132,136,140,141,142,142,143,143,134,130,123,114,84,68,66,60,47,42,38,39,37,37,36,36
6533151400,02103902,11/01/2009,48,46,44,45,45,45,44,45,45,45,44,44,44,45,53,63,72,84,90,98,116,123,123,127,135,140,140,143,144,146,148,144,140,135,123,114,77,54,50,49,34,34,34,34,35,34,34,35
6533151400,02103902,10/31/2009,48,49,45,46,45,45,44,44,44,46,43,42,41,40,42,44,50,66,73,86,117,133,147,151,159,161,164,168,166,168,177,182,183,178,174,167,148,135,122,112,109,92,80,77,76,71,70,64
6533151400,02103902,10/30/2009,32,31,29,30,31,30,30,30,30,30,30,30,29,30,29,28,36,61,74,90,114,124,135,141,144,148,150,156,154,158,154,151,154,151,150,133,118,92,81,59,63,59,57,57,57,51,50,49
6533151400,02103902,10/29/2009,30,32,29,29,29,28,29,29,31,28,28,29,27,27,27,27,36,65,78,93,115,129,136,147,152,150,154,156,156,165,157,162,149,145,149,152,133,137,116,111,100,99,50,38,32,35,31,31
6533151400,02103902,10/28/2009,37,38,36,31,31,31,31,31,31,31,30,31,29,30,30,30,38,59,69,88,115,134,139,143,148,141,161,160,174,163,172,170,167,162,159,139,112,98,82,72,68,61,41,31,35,29,32,30
6533151400,02103902,10/27/2009,37,32,31,31,31,31,31,31,31,31,31,30,29,29,29,30,38,61,73,85,110,119,129,138,142,151,145,153,146,155,149,148,146,139,142,132,101,91,78,65,62,58,42,42,40,37,38,37
6533151400,02103902,10/26/2009,32,31,32,31,32,32,32,32,32,32,31,31,30,30,30,30,38,62,71,83,107,116,128,134,140,143,146,148,143,157,157,155,153,148,145,133,105,78,68,54,55,54,39,39,40,37,37,37
6533151400,02103902,10/25/2009,33,36,27,26,26,26,27,26,25,26,26,27,25,26,26,26,30,45,59,78,109,117,121,128,139,141,144,147,148,151,150,148,147,144,136,133,101,90,67,45,44,45,30,30,31,31,31,31
6533151400,02103902,10/24/2009,41,41,41,42,41,42,41,42,41,41,40,42,40,40,39,40,45,65,88,105,142,174,183,190,190,170,176,180,188,188,187,186,182,177,137,113,96,93,68,53,57,55,52,55,57,47,47,46
6533151400,02103902,10/23/2009,33,29,29,29,29,29,29,29,29,29,28,28,26,28,27,28,36,59,74,83,103,123,139,148,155,162,164,157,163,165,173,172,170,161,143,125,121,104,93,86,83,88,78,69,68,59,57,45
6533151400,02103902,10/22/2009,30,31,31,31,31,31,31,32,31,30,31,30,28,32,30,30,39,62,74,92,110,122,133,139,150,147,155,158,172,178,172,175,180,168,166,160,158,153,134,112,112,103,58,38,33,32,33,33
6533151400,02103902,10/21/2009,29,29,30,29,29,29,30,30,29,30,29,29,28,28,28,28,36,54,69,80,110,123,136,138,141,143,157,153,160,155,161,162,159,167,159,153,113,93,81,69,64,62,40,34,34,31,30,31
6533151400,02103902,10/20/2009,28,28,29,28,28,28,28,28,28,29,27,28,26,27,26,27,35,56,66,80,112,124,133,136,139,142,149,155,150,148,144,141,145,143,139,129,92,83,76,55,51,48,37,34,35,32,30,29
6533151400,02103902,10/19/2009,28,29,29,29,29,29,29,29,29,28,29,28,28,28,28,28,39,58,68,80,105,119,129,131,135,139,140,141,144,144,144,146,141,134,129,124,94,79,70,53,53,49,33,33,34,28,28,28
6533151400,02103902,10/18/2009,40,35,35,35,36,36,35,37,36,36,36,38,34,34,35,35,43,50,61,77,106,115,116,129,138,139,142,142,143,149,147,144,142,141,135,127,90,74,65,52,50,41,28,27,29,29,29,29
6533151400,02103902,10/17/2009,43,44,43,43,42,43,43,44,44,44,43,43,42,43,41,43,48,66,68,87,118,128,136,145,150,150,153,152,152,158,155,154,153,147,116,103,87,77,65,54,54,53,53,55,53,56,58,55
6533151400,02103902,10/16/2009,35,34,35,34,35,34,35,34,34,33,34,33,33,32,33,33,42,61,69,84,114,130,137,145,150,150,153,155,154,154,154,153,145,143,137,131,101,86,72,51,50,48,48,49,48,47,46,46
6533151400,02103902,10/15/2009,26,27,26,27,26,26,26,26,27,26,26,26,25,25,25,26,32,56,64,77,104,114,122,132,134,136,140,142,149,152,151,148,144,142,136,134,128,121,111,96,95,91,50,42,41,34,34,34
6533151400,02103902,10/14/2009,33,33,34,33,33,34,34,32,30,30,30,30,29,29,29,29,38,57,68,81,116,128,133,139,139,142,142,144,143,146,141,142,142,133,102,95,89,78,74,62,63,63,46,39,39,37,37,31
6533151400,02103902,10/13/2009,28,28,28,28,28,28,28,29,28,28,28,27,26,27,27,28,37,58,69,82,111,121,128,129,137,144,148,150,156,154,149,155,155,144,145,134,101,83,69,54,54,53,35,36,35,34,34,33
6533151400,02103902,10/12/2009,29,29,29,30,30,30,30,30,30,30,30,29,28,28,28,28,36,58,69,83,118,129,137,141,143,144,147,147,148,146,144,144,141,136,128,124,90,78,70,50,46,45,30,31,31,29,28,28
6533151400,02103902,10/11/2009,39,34,28,28,28,29,28,28,28,29,29,28,27,27,26,27,31,46,54,75,100,112,121,129,135,144,143,152,157,156,162,166,162,158,153,148,99,87,72,56,52,51,32,29,30,29,28,29
6533151400,02103902,10/10/2009,55,51,57,46,60,48,58,47,55,48,55,47,54,49,49,51,57,84,76,102,138,144,150,156,162,174,172,179,186,190,180,182,165,154,130,108,86,78,65,51,51,52,54,51,52,52,52,49
6533151400,02103902,10/09/2009,30,30,32,29,29,30,29,32,29,29,29,29,28,28,28,28,36,64,76,98,129,141,154,166,179,175,187,190,191,191,193,195,195,194,188,171,143,124,102,65,66,67,68,60,59,56,58,54
6533151400,02103902,10/08/2009,28,28,28,28,28,29,28,29,28,29,28,28,27,26,27,27,35,57,72,85,110,120,131,137,149,154,154,152,159,165,176,174,171,166,160,159,156,150,140,121,120,104,57,44,45,32,33,29
6533151400,02103902,10/07/2009,40,36,36,40,35,40,36,35,33,29,29,32,27,32,27,28,43,61,81,91,132,152,169,164,173,171,176,179,180,179,177,174,176,159,160,148,115,93,82,67,62,57,36,30,29,28,28,28
6533151400,02103902,10/06/2009,33,33,33,33,33,33,33,34,34,33,34,33,32,32,32,33,44,66,76,91,113,135,137,152,162,166,171,177,178,179,171,176,170,157,162,149,115,105,94,70,63,66,40,45,37,36,40,35
6533151400,02103902,10/05/2009,26,26,26,26,26,26,26,26,26,29,28,32,33,42,42,43,55,80,90,99,114,131,143,154,157,158,164,166,170,171,171,172,173,165,153,146,115,107,90,68,72,61,41,43,40,40,40,38
6533151400,02103902,10/04/2009,34,34,34,33,34,34,33,33,33,33,33,33,32,33,31,31,39,53,64,82,117,123,136,153,164,165,167,171,181,174,172,180,181,173,140,125,117,104,92,64,61,48,31,31,32,28,26,26
6533151400,02103902,10/03/2009,50,46,52,48,48,50,46,50,45,45,51,46,44,44,48,45,51,66,75,87,133,152,158,175,187,190,185,194,189,192,197,199,201,189,183,172,118,93,79,59,54,57,53,54,52,50,56,48
6533151400,02103902,10/02/2009,31,30,30,30,30,30,30,30,31,30,31,30,29,29,29,29,38,58,69,85,115,124,137,139,155,172,171,176,186,179,178,180,170,165,168,147,130,103,94,68,69,63,59,63,57,59,50,51
6533151400,02103902,10/01/2009,29,29,28,26,26,26,26,26,26,26,26,26,25,24,25,24,37,63,75,86,113,124,129,132,139,140,146,149,152,150,152,154,156,155,152,148,144,142,125,107,102,95,51,41,40,37,34,31
6533151400,02103902,09/30/2009,37,36,37,37,37,33,30,30,30,30,30,30,28,29,29,29,38,70,79,95,123,137,147,154,169,164,171,170,172,174,171,179,167,172,156,146,117,98,82,69,65,67,44,36,32,29,29,29
6533151400,02103902,09/29/2009,26,26,28,27,27,26,26,27,26,26,26,26,25,24,25,25,34,65,77,87,118,132,147,155,161,159,158,167,164,168,168,169,162,154,159,142,118,98,84,69,68,67,45,43,37,37,36,36
6533151400,02103902,09/28/2009,30,27,27,27,27,28,27,28,28,28,27,27,26,26,26,26,36,63,69,88,113,124,151,153,174,175,186,191,184,186,195,189,192,184,176,170,117,99,82,61,61,59,40,38,35,35,27,30
6533151400,02103902,09/27/2009,31,30,24,23,23,23,23,23,23,23,23,23,22,22,22,22,29,42,53,67,99,116,128,158,165,189,181,194,199,209,204,201,196,189,182,171,120,92,74,55,58,53,34,31,28,31,28,27
6533151400,02103902,09/26/2009,44,43,42,44,42,41,41,41,41,41,41,41,40,40,39,39,48,66,72,91,118,135,145,165,173,171,179,176,176,176,180,171,177,174,126,116,85,73,65,50,51,49,46,48,48,47,47,45
6533151400,02103902,09/25/2009,48,38,44,41,32,38,31,33,36,29,32,33,26,31,26,28,40,71,90,106,123,142,147,161,173,168,176,181,177,186,187,174,178,165,142,123,113,105,85,79,73,70,70,70,53,44,44,43
6533151400,02103902,09/24/2009,38,40,37,31,41,30,39,33,35,33,33,37,27,39,27,34,48,86,91,126,162,177,188,205,212,214,220,221,221,217,219,218,214,209,213,218,202,198,183,153,139,131,67,60,49,40,44,38
6533151400,02103902,09/23/2009,27,33,34,30,30,33,31,29,34,28,32,34,25,34,29,28,43,77,90,118,149,164,178,191,203,207,213,218,220,219,224,225,222,219,213,205,171,140,122,104,102,92,63,54,54,54,51,42
6533151400,02103902,09/22/2009,35,30,32,32,29,34,27,34,27,32,27,29,30,25,32,25,45,65,84,106,139,156,173,189,191,199,197,199,200,200,201,196,190,184,174,167,138,124,107,69,66,57,39,45,38,32,35,33
6533151400,02103902,09/21/2009,37,35,35,35,35,35,34,34,34,34,34,33,32,32,31,32,43,69,78,97,132,150,166,169,184,181,190,195,199,197,199,198,191,190,171,176,130,105,98,66,65,71,38,48,36,32,35,29
6533151400,02103902,09/20/2009,39,40,39,29,27,26,27,27,26,26,26,26,24,24,24,24,29,47,57,71,115,129,143,163,170,178,185,185,182,191,185,193,191,181,179,153,119,90,77,59,56,55,37,35,38,37,36,33
6533151400,02103902,09/19/2009,52,51,59,51,51,57,50,49,56,50,47,47,46,45,44,44,50,64,69,84,121,144,165,175,187,186,190,186,196,197,197,197,201,195,153,133,110,98,75,62,58,55,58,54,53,55,53,52
6533151400,02103902,09/18/2009,37,43,37,37,41,36,40,37,35,40,35,35,39,34,34,39,47,76,90,101,133,141,165,161,181,182,174,191,192,195,195,198,194,194,188,179,148,126,104,70,63,56,68,54,50,60,51,59
6533151400,02103902,09/17/2009,26,32,26,32,26,32,26,31,26,28,28,26,29,25,28,26,35,64,78,92,123,138,151,164,163,177,167,177,167,177,165,177,162,172,164,160,155,149,133,123,118,106,57,40,45,39,43,38
6533151400,02103902,09/16/2009,39,36,40,33,39,31,36,27,34,33,29,34,26,33,27,36,44,78,92,112,136,162,154,173,164,184,175,188,187,189,185,182,176,178,165,163,116,102,93,77,85,68,52,37,39,30,31,33
6533151400,02103902,09/15/2009,34,29,31,33,26,33,26,31,26,32,26,32,24,26,28,29,39,82,88,116,162,172,185,191,190,204,204,203,203,203,198,196,193,188,176,169,140,120,83,60,64,71,33,48,37,47,33,41
6533151400,02103902,09/14/2009,26,30,26,29,27,26,26,30,26,26,30,26,25,29,25,25,41,62,81,95,132,158,160,171,184,170,187,191,187,178,189,188,186,183,175,154,137,99,79,71,67,56,42,41,32,37,34,28
6533151400,02103902,09/13/2009,53,40,40,26,33,26,29,26,24,29,22,23,27,22,22,29,28,50,60,86,116,142,154,154,175,180,187,193,201,200,203,205,199,180,169,162,121,100,82,53,46,45,32,26,31,27,30,27
6533151400,02103902,09/12/2009,52,50,48,49,49,47,47,47,45,46,45,45,41,42,40,41,46,66,75,92,120,150,166,172,177,184,187,194,195,197,197,196,202,187,154,135,119,107,85,63,68,62,64,61,69,62,64,52
6533151400,02103902,09/11/2009,27,29,27,28,27,27,27,27,27,27,27,27,26,26,26,26,35,63,69,78,111,122,134,144,146,149,157,157,166,164,173,163,171,158,155,142,118,92,77,63,59,60,60,60,60,59,53,50
6533151400,02103902,09/10/2009,42,35,43,33,41,32,39,37,34,39,32,37,34,33,36,31,48,71,82,95,120,132,141,163,158,171,166,174,168,167,170,170,175,159,165,157,161,147,140,120,109,102,50,38,37,33,27,27
6533151400,02103902,09/09/2009,44,46,41,32,36,29,34,31,32,31,30,33,27,33,29,31,44,62,84,100,132,151,157,173,167,182,174,184,176,181,180,185,174,183,164,163,125,102,105,76,83,81,51,51,39,51,36,41
6533151400,02103902,09/08/2009,40,45,34,40,41,40,35,41,38,35,39,32,39,33,36,38,43,78,82,107,123,148,150,167,171,178,169,181,172,181,174,177,170,171,163,159,135,114,99,84,66,76,42,47,51,39,50,43
6533151400,02103902,09/07/2009,57,39,39,35,34,39,30,40,30,36,35,31,33,29,31,39,39,74,85,100,149,149,166,173,181,185,190,193,197,200,198,199,199,192,185,174,143,125,108,89,84,65,38,42,43,37,47,36
6533151400,02103902,09/06/2009,39,51,39,40,29,41,31,36,34,31,38,27,34,29,30,37,36,63,76,93,146,162,176,182,198,213,219,223,224,231,229,228,227,224,193,162,141,124,102,77,68,65,51,43,51,44,47,43
6533151400,02103902,09/05/2009,64,57,62,58,60,62,54,62,48,51,44,51,42,48,42,49,62,77,95,116,152,178,197,214,224,227,229,233,230,235,234,235,228,221,183,162,139,121,101,76,80,81,66,67,66,70,55,67
6533151400,02103902,09/04/2009,38,36,40,34,40,39,35,39,35,40,36,37,38,32,38,35,50,78,90,104,134,157,164,175,186,189,194,198,200,200,205,198,192,192,187,180,149,134,108,79,70,60,69,63,59,64,59,59
6533151400,02103902,09/03/2009,30,31,26,30,30,28,30,26,30,25,31,25,24,29,26,31,39,70,83,97,129,152,159,184,182,170,161,168,174,182,186,183,178,178,173,168,157,166,142,117,115,110,46,45,45,41,40,40
6533151400,02103902,09/02/2009,30,27,31,27,31,27,30,26,27,30,26,26,28,25,25,29,35,71,81,100,128,149,155,178,179,180,183,180,182,180,190,184,190,193,185,179,135,118,102,74,74,70,35,28,32,31,30,26
6533151400,02103902,09/01/2009,36,34,34,35,31,35,31,33,33,32,34,31,30,30,33,29,48,73,90,101,137,152,163,174,180,180,181,187,182,185,188,182,185,177,165,159,129,106,85,58,60,55,33,32,32,29,30,31
6533151400,02103902,08/31/2009,32,37,32,36,32,37,32,36,31,36,31,34,31,30,35,33,51,94,103,111,140,150,159,175,178,179,186,185,187,194,198,190,185,180,170,158,121,105,80,58,59,57,38,34,36,36,37,32
6533151400,02103902,08/30/2009,56,52,51,51,51,51,50,50,50,49,37,41,38,46,35,41,53,74,99,113,161,182,190,198,207,220,223,225,229,231,237,242,240,229,200,189,138,114,89,58,55,53,38,33,38,32,39,39
6533151400,02103902,08/29/2009,67,65,66,62,48,62,57,57,63,50,64,54,62,61,55,64,65,109,104,144,175,192,206,216,229,239,241,240,241,244,244,244,243,242,231,214,169,143,116,85,78,76,78,72,71,71,71,67
6533151400,02103902,08/28/2009,31,32,31,32,31,31,31,31,31,31,35,36,30,30,40,30,56,130,157,180,215,227,231,235,230,222,205,206,217,239,237,234,229,227,224,210,170,153,127,89,80,77,73,69,67,69,67,66
6533151400,02103902,08/27/2009,33,33,33,33,32,33,32,32,32,32,32,31,31,30,30,33,62,139,159,182,188,215,231,236,242,244,252,254,260,261,260,260,258,258,252,248,238,235,207,164,159,153,78,34,34,33,32,32
6533151400,02103902,08/26/2009,34,35,34,34,35,31,28,29,29,28,28,28,27,26,27,27,58,135,145,173,196,207,224,236,247,250,254,254,256,261,264,259,257,257,228,213,191,169,154,132,129,126,83,44,46,37,37,37
6533151400,02103902,08/25/2009,38,37,37,37,38,37,36,37,37,37,36,37,35,35,36,36,58,132,146,169,196,212,223,225,231,230,225,232,231,237,234,233,233,227,222,209,177,157,126,87,83,83,56,39,39,38,38,37
6533151400,02103902,08/24/2009,36,36,36,36,36,35,35,36,35,35,35,35,34,34,34,36,50,131,151,162,182,189,207,217,225,230,233,233,234,236,233,216,215,218,209,200,163,153,123,88,85,82,65,39,40,38,38,38
6533151400,02103902,08/23/2009,29,30,29,29,29,29,29,29,29,29,29,29,28,28,28,28,37,63,100,132,168,185,195,210,219,226,231,238,239,241,239,239,237,234,228,215,169,141,93,62,57,58,37,36,36,37,36,36
6533151400,02103902,08/22/2009,51,54,52,52,53,52,54,52,53,52,52,52,49,50,51,50,72,128,129,143,175,196,225,230,234,240,243,245,245,244,241,236,233,234,217,199,152,132,116,85,79,78,72,70,70,72,70,53
6533151400,02103902,08/21/2009,64,63,62,62,63,61,54,53,52,52,53,49,51,48,52,53,69,119,132,152,196,228,251,257,261,260,262,259,262,249,245,242,237,234,199,184,151,138,122,107,99,88,80,55,56,53,53,54
6533151400,02103902,08/20/2009,41,31,47,32,45,35,45,36,41,39,39,42,36,44,38,44,61,105,111,143,176,191,204,219,228,229,237,242,244,245,247,242,241,236,230,227,223,215,196,156,153,145,81,68,68,68,64,65
6533151400,02103902,08/19/2009,49,49,49,49,49,48,49,48,49,49,48,48,48,46,48,48,62,111,143,163,206,220,225,232,229,222,208,209,215,215,222,210,209,201,192,183,142,118,108,86,92,93,61,52,51,48,48,47
6533151400,02103902,08/18/2009,53,51,51,51,51,51,50,51,50,50,50,50,49,49,49,49,63,118,143,162,193,213,235,241,246,252,257,255,256,255,254,253,247,239,225,210,173,148,120,86,83,82,50,50,52,52,50,49
6533151400,02103902,08/17/2009,49,49,48,48,44,40,37,47,36,48,34,48,33,45,36,48,60,107,128,126,169,186,202,218,227,237,242,242,241,242,237,236,227,229,226,217,180,159,142,105,95,93,63,62,62,58,56,58
6533151400,02103902,08/16/2009,57,43,58,51,49,53,48,49,50,45,53,43,55,41,55,55,66,93,116,150,187,202,212,230,233,241,243,239,244,247,246,248,245,242,237,221,168,145,120,86,79,78,51,50,49,49,49,50
6533151400,02103902,08/15/2009,69,49,56,57,45,63,47,57,53,46,60,46,50,50,45,62,63,99,112,127,173,195,215,227,238,236,241,242,243,242,247,255,257,255,245,224,175,158,125,92,88,86,85,84,82,82,77,62
6533151400,02103902,08/14/2009,52,52,41,38,47,41,42,46,41,47,38,47,38,40,42,48,62,100,116,154,175,186,197,207,221,222,231,233,229,234,238,236,235,224,195,166,140,120,106,76,78,78,62,58,64,60,66,58
6533151400,02103902,08/13/2009,46,45,45,45,45,45,39,31,41,34,38,38,31,42,30,40,51,91,102,113,157,175,197,211,217,222,222,224,230,233,229,227,225,222,218,215,217,212,199,169,167,157,76,62,61,59,59,55
6533151400,02103902,08/12/2009,45,45,46,45,45,45,45,45,45,38,38,34,38,35,39,35,52,100,119,126,164,175,190,202,218,226,228,229,230,227,233,228,229,220,206,187,162,142,126,106,99,95,61,49,48,46,46,45
6533151400,02103902,08/11/2009,49,49,48,47,49,47,46,49,46,45,45,45,45,44,45,46,60,107,140,167,198,212,230,235,242,239,245,251,246,251,248,249,247,240,229,216,179,152,133,99,95,91,60,62,62,53,47,46
6533151400,02103902,08/10/2009,56,56,51,54,50,50,50,50,49,49,49,48,46,47,41,46,51,108,131,136,156,181,197,223,252,257,261,260,259,261,264,257,251,254,241,229,191,165,132,96,92,88,58,60,57,54,51,49
6533151400,02103902,08/09/2009,63,60,53,52,51,51,51,52,45,41,49,39,49,37,50,50,61,81,96,140,177,207,223,209,239,247,252,251,255,259,263,265,271,271,259,241,198,165,133,96,90,87,60,58,62,61,59,58
6533151400,02103902,08/08/2009,55,56,59,58,50,53,55,56,54,49,54,57,54,49,55,59,58,96,105,125,158,189,212,219,232,237,234,236,238,243,243,249,252,241,206,171,140,132,113,90,91,93,95,95,95,90,76,70
6533151400,02103902,08/07/2009,50,51,51,51,51,50,50,50,49,49,49,49,48,48,27,24,37,74,95,118,149,157,171,169,200,205,205,222,206,196,213,211,211,203,198,187,157,137,113,71,63,58,65,66,58,56,59,59
6533151400,02103902,08/06/2009,54,55,54,55,55,55,51,47,47,47,48,47,46,45,46,48,62,98,109,130,163,174,187,192,195,196,196,195,200,204,203,217,220,217,212,199,192,185,169,135,133,131,72,58,56,54,54,50
6533151400,02103902,08/05/2009,49,48,48,48,48,46,47,46,47,47,47,46,45,44,46,46,61,101,125,147,172,187,199,207,212,201,218,226,227,227,224,230,224,225,210,199,168,158,135,108,106,105,67,57,57,56,55,55
6533151400,02103902,08/04/2009,56,56,55,55,55,55,55,55,55,55,54,54,53,53,54,56,70,113,133,147,182,198,213,221,226,231,238,236,233,233,232,233,232,230,216,205,172,153,126,91,88,83,54,55,55,52,51,49
6533151400,02103902,08/03/2009,60,60,60,59,59,59,59,59,59,58,59,58,56,57,57,55,71,108,116,127,152,170,188,199,205,208,215,219,218,219,221,212,212,206,196,188,165,149,127,99,98,89,59,60,59,57,57,57
6533151400,02103902,08/02/2009,60,59,60,58,58,58,59,58,56,57,57,57,56,56,56,57,67,98,112,132,154,164,170,181,190,197,199,202,213,215,221,222,224,222,222,205,166,133,109,82,81,80,66,64,63,64,60,61
6533151400,02103902,08/01/2009,55,55,53,55,54,54,55,49,49,49,47,49,47,47,48,46,71,116,127,147,177,184,196,208,225,241,245,246,247,248,246,248,245,243,234,217,167,141,119,87,85,83,83,83,85,83,85,80
6533151400,02103902,07/31/2009,54,55,56,55,56,55,55,54,54,54,54,55,53,53,53,54,68,127,158,182,209,221,230,230,221,227,248,250,247,245,237,223,219,199,175,168,151,117,89,61,58,56,54,54,56,55,55,55
6533151400,02103902,07/30/2009,47,47,47,46,46,46,45,45,45,45,44,45,43,44,44,44,63,101,118,129,163,182,206,219,227,227,230,229,233,233,231,229,228,224,220,215,211,209,189,151,148,141,72,64,61,59,58,55
6533151400,02103902,07/29/2009,53,52,52,52,51,52,52,53,52,52,51,52,50,50,50,51,65,116,130,148,177,194,206,216,221,223,224,223,225,226,224,219,215,214,201,183,153,128,111,93,91,90,58,51,47,48,47,47
6533151400,02103902,07/28/2009,46,46,46,46,46,46,47,46,46,46,45,45,44,44,44,45,60,105,121,144,183,196,207,219,229,232,236,239,240,241,246,244,244,233,224,216,179,155,132,91,88,86,60,59,59,54,54,53
6533151400,02103902,07/27/2009,52,51,50,50,50,50,50,50,50,49,49,49,48,48,49,51,64,106,129,147,173,194,210,225,230,230,209,212,209,217,216,215,208,206,191,173,150,135,115,78,75,76,55,55,54,52,52,49
6533151400,02103902,07/26/2009,58,65,58,54,54,53,54,54,53,52,53,52,53,52,52,52,64,91,102,140,177,192,202,219,223,231,234,235,245,244,248,247,247,248,237,218,175,153,130,97,93,86,58,57,57,57,56,57
6533151400,02103902,07/25/2009,59,60,59,60,59,60,60,59,60,59,59,59,58,58,59,59,71,106,111,139,172,195,214,226,240,246,255,250,252,256,260,260,257,257,215,189,175,164,136,105,103,99,97,97,97,96,99,90
6533151400,02103902,07/24/2009,49,48,48,48,47,48,48,47,47,47,47,48,45,45,45,45,58,93,108,128,163,180,195,202,210,215,216,215,218,222,222,225,219,218,209,195,157,133,113,75,74,71,66,63,64,63,61,59
6533151400,02103902,07/23/2009,49,49,49,48,48,48,48,48,47,48,49,48,46,46,46,46,47,85,138,161,199,207,215,225,232,239,242,246,245,246,248,241,229,224,214,198,192,184,168,132,125,123,74,67,63,60,56,50
6533151400,02103902,07/22/2009,45,43,44,44,44,44,44,44,44,44,43,44,41,41,42,42,65,133,163,177,203,214,223,232,236,236,240,236,240,241,242,240,238,230,203,178,160,152,145,125,122,122,74,63,61,53,50,50
6533151400,02103902,07/21/2009,24,24,24,25,24,24,24,24,24,24,24,24,23,23,23,23,34,72,89,110,145,161,173,185,205,234,237,236,235,233,235,233,231,225,213,203,168,153,134,99,96,95,66,48,47,44,45,44
6533151400,02103902,07/20/2009,31,31,29,29,29,29,28,29,29,28,29,28,27,27,27,28,39,91,95,106,134,164,181,188,193,200,209,209,210,203,184,181,180,176,167,156,119,102,88,61,58,51,28,27,27,25,26,25
6533151400,02103902,07/19/2009,57,53,47,46,46,46,45,45,45,45,44,44,44,44,44,45,54,71,79,111,135,142,166,187,196,208,210,217,218,214,219,218,215,197,167,156,129,117,103,75,53,48,36,37,38,38,37,37
6533151400,02103902,07/18/2009,67,64,62,58,58,58,58,58,57,57,57,57,56,55,55,56,67,102,109,122,161,180,199,208,213,225,220,218,223,223,227,226,229,228,181,160,144,129,113,85,83,82,85,86,86,83,82,77
6533151400,02103902,07/17/2009,50,49,49,48,48,48,48,48,48,47,47,46,46,46,46,48,60,120,144,159,195,208,219,225,233,234,234,239,232,243,237,235,229,222,202,190,155,140,116,84,79,77,77,76,77,77,76,73
6533151400,02103902,07/16/2009,47,47,46,46,46,45,45,35,31,41,34,39,35,36,39,46,62,111,126,146,189,212,229,238,239,243,244,248,252,252,251,246,243,238,234,226,219,211,190,142,136,132,70,64,64,62,56,53
6533151400,02103902,07/15/2009,47,39,41,46,34,43,41,37,44,33,43,36,36,45,36,51,53,119,138,153,178,193,204,216,226,227,220,224,222,222,222,221,217,213,183,169,157,152,140,123,127,122,83,66,63,53,51,48
6533151400,02103902,07/14/2009,48,47,47,47,47,47,45,46,45,43,43,39,40,41,37,38,54,100,110,111,144,162,171,190,203,209,218,220,223,227,224,221,220,211,200,189,158,144,118,84,79,65,55,46,50,48,41,43
6533151400,02103902,07/13/2009,53,53,53,53,52,52,52,53,51,51,51,52,50,51,50,51,63,103,108,118,145,161,178,188,198,212,212,214,215,215,218,217,217,214,205,195,154,136,119,86,84,75,53,54,55,50,48,47
6533151400,02103902,07/12/2009,58,56,49,50,48,49,48,47,48,48,47,47,45,45,47,48,58,83,88,125,165,184,198,207,217,223,222,224,229,229,229,231,234,228,217,193,148,127,112,85,83,84,55,55,54,54,55,54
6533151400,02103902,07/11/2009,63,66,62,50,61,50,58,50,59,54,53,56,49,58,47,55,66,101,118,127,158,171,184,197,204,214,220,220,222,223,223,221,220,215,177,154,129,114,101,78,76,83,89,91,89,83,80,78
6533151400,02103902,07/10/2009,49,48,48,48,48,47,36,32,39,36,34,41,27,41,37,39,56,95,104,110,150,169,186,193,201,204,207,215,217,217,216,217,212,207,189,179,143,125,114,77,64,74,67,68,72,63,69,69
6533151400,02103902,07/09/2009,46,48,46,46,46,47,41,34,35,39,35,40,31,39,34,40,57,100,113,115,153,174,190,200,207,207,215,215,219,218,219,217,217,207,203,194,187,189,171,144,142,130,73,63,61,58,50,49
6533151400,02103902,07/08/2009,57,56,56,49,49,49,48,48,48,48,48,43,34,38,44,43,55,101,105,120,144,163,179,193,204,211,208,206,209,211,209,210,206,209,201,194,159,145,132,109,107,102,67,60,59,56,51,47
6533151400,02103902,07/07/2009,42,33,34,41,35,32,40,33,33,36,31,31,34,34,29,39,55,98,130,138,186,203,219,221,225,224,218,218,220,220,215,219,215,211,204,190,160,145,127,96,93,90,64,62,62,58,58,57
6533151400,02103902,07/06/2009,35,37,37,36,37,33,35,37,37,31,36,32,32,36,36,37,51,96,112,121,163,166,184,191,190,197,204,205,212,212,214,214,208,208,202,196,167,149,130,96,94,90,63,53,46,51,41,35
6533151400,02103902,07/05/2009,34,34,36,34,31,31,34,32,30,34,32,28,30,27,30,31,34,56,64,95,139,173,185,189,196,198,205,206,205,205,206,203,200,196,185,167,130,115,99,74,58,57,36,33,37,38,38,32
6533151400,02103902,07/04/2009,44,43,43,43,42,42,39,40,39,39,40,39,38,38,38,39,58,76,91,95,108,118,111,122,110,118,115,111,127,114,123,117,115,127,113,112,108,98,76,60,59,48,57,53,49,47,54,52
6533151400,02103902,07/03/2009,50,46,46,45,39,36,37,37,29,39,38,34,34,36,37,39,51,89,98,131,156,177,190,202,203,206,204,208,212,210,210,210,211,205,194,187,148,131,104,78,62,44,44,44,45,44,44,44
6533151400,02103902,07/02/2009,45,46,45,44,44,44,45,44,45,44,44,43,43,43,44,44,56,86,100,112,147,165,180,191,200,203,205,208,213,211,210,210,204,201,199,197,193,187,174,152,151,147,75,62,64,59,58,57
6533151400,02103902,07/01/2009,55,51,49,49,49,49,48,46,45,46,45,45,44,44,44,46,62,100,109,118,152,168,179,193,201,205,207,209,210,212,210,210,206,203,195,181,159,146,138,113,106,106,69,54,49,46,46,45
6533151400,02103902,06/30/2009,48,47,46,45,45,45,45,44,44,44,44,43,30,31,44,45,61,96,109,123,161,174,196,208,217,217,218,215,210,207,200,196,197,194,187,181,149,139,120,91,90,88,62,62,61,56,55,55
6533151400,02103902,06/29/2009,47,46,46,46,46,46,46,46,45,46,45,45,44,34,38,46,59,91,99,115,141,152,166,180,192,194,198,200,199,198,198,200,196,192,184,168,145,135,117,87,85,84,54,53,53,51,48,49
6533151400,02103902,06/28/2009,54,56,54,52,45,45,46,45,45,45,45,44,43,44,43,43,55,64,93,104,155,167,178,185,195,197,204,212,212,209,213,213,196,186,173,162,124,108,94,70,69,68,55,53,53,53,52,50
6533151400,02103902,06/27/2009,70,67,67,65,65,67,65,65,64,61,59,57,55,56,55,55,68,97,104,117,154,180,202,210,221,222,227,230,231,231,234,234,234,231,194,171,142,137,124,98,96,98,100,99,99,99,97,88
6533151400,02103902,06/26/2009,47,46,46,45,46,45,45,45,45,45,45,45,43,43,44,44,56,92,105,124,162,182,200,209,221,224,229,233,235,238,234,232,229,225,221,205,173,159,132,89,83,80,79,78,77,76,71,68
6533151400,02103902,06/25/2009,51,52,51,48,48,48,47,46,45,46,45,36,34,37,43,45,61,99,107,119,149,170,190,199,205,214,218,220,225,224,227,223,221,213,208,200,193,188,166,132,132,126,68,51,48,48,47,47
6533151400,02103902,06/24/2009,47,47,46,46,46,46,45,46,45,45,45,45,29,40,32,45,54,90,111,134,166,177,190,201,211,215,221,219,220,222,206,198,196,198,185,173,146,134,124,98,96,92,64,56,53,53,52,52
6533151400,02103902,06/23/2009,51,51,48,47,47,47,46,46,46,45,40,31,38,36,35,42,47,90,113,122,163,181,195,209,218,220,223,223,221,223,222,223,218,215,202,194,159,142,118,81,78,78,51,50,50,50,50,50
6533151400,02103902,06/22/2009,54,54,54,54,54,53,54,53,53,54,53,53,51,52,53,53,57,100,114,127,159,175,190,201,209,202,220,222,221,222,224,221,218,209,202,183,164,143,121,89,87,82,52,52,52,52,52,52
6533151400,02103902,06/21/2009,47,47,46,46,45,45,46,46,45,45,46,44,44,44,45,45,56,72,78,98,130,152,169,180,188,196,195,200,202,203,202,199,199,194,183,175,142,123,109,82,79,77,56,56,55,55,54,54
6533151400,02103902,06/20/2009,69,71,68,68,68,67,67,65,65,64,63,63,62,62,63,64,71,89,93,116,151,165,177,191,200,205,205,209,211,220,224,234,237,234,214,199,161,141,117,86,84,82,77,74,68,73,69,63
6533151400,02103902,06/19/2009,46,43,44,43,43,43,42,43,42,41,42,41,40,41,41,43,54,87,95,111,143,167,178,188,202,200,196,199,199,210,212,211,208,201,196,187,153,139,115,85,85,85,78,76,76,77,73,71
6533151400,02103902,06/18/2009,42,38,43,36,38,29,43,29,43,30,43,30,41,27,42,30,52,79,85,101,133,144,169,184,193,204,204,207,205,200,203,199,199,195,182,176,174,170,155,128,130,125,63,59,58,55,54,53
6533151400,02103902,06/17/2009,42,37,32,33,32,31,37,29,33,29,35,27,33,27,33,26,47,69,74,93,134,124,152,170,175,175,179,177,183,181,176,174,171,173,160,154,119,109,105,84,79,66,54,41,45,36,42,36
6533151400,02103902,06/16/2009,47,46,47,47,46,46,46,45,46,45,46,45,43,44,44,45,58,93,101,120,152,169,186,197,206,208,206,203,201,203,196,195,189,186,181,165,136,120,101,82,78,72,56,55,55,53,54,38
6533151400,02103902,06/15/2009,47,47,47,47,46,47,47,46,47,47,46,46,44,44,45,46,57,93,112,124,159,179,188,193,198,184,185,187,190,193,195,192,187,185,180,171,144,126,113,87,85,79,56,53,52,48,48,48
6533151400,02103902,06/14/2009,58,54,50,47,47,47,47,48,47,47,43,35,34,33,37,36,53,68,104,120,162,183,195,205,211,218,222,226,225,226,227,225,223,218,206,190,152,131,114,85,85,83,53,53,52,52,52,48
6533151400,02103902,06/13/2009,80,82,79,80,81,77,81,76,78,72,65,65,63,68,64,74,65,91,87,121,157,171,187,205,215,224,231,233,231,232,233,229,229,224,190,168,153,139,126,100,100,100,101,100,100,100,98,90
6533151400,02103902,06/12/2009,72,71,69,65,63,62,63,63,63,62,63,62,60,60,61,61,65,90,115,135,167,179,192,200,205,199,209,213,217,218,216,217,216,208,199,188,157,139,120,102,98,94,94,91,89,83,83,84
6533151400,02103902,06/11/2009,54,61,60,51,57,51,52,53,50,56,45,58,45,58,45,59,51,84,95,110,152,169,176,187,199,207,209,210,216,220,215,215,210,204,204,199,195,196,189,169,165,159,85,75,74,72,72,71
6533151400,02103902,06/10/2009,46,37,41,34,43,34,41,37,38,40,35,40,33,40,31,41,47,72,97,109,146,161,173,180,181,180,200,208,209,212,212,213,214,212,195,185,159,146,133,112,101,97,70,71,68,69,68,57
6533151400,02103902,06/09/2009,73,72,73,72,72,72,73,70,70,70,69,70,69,67,66,68,68,89,106,110,136,157,167,174,188,199,204,219,226,227,225,224,221,218,203,165,132,115,106,91,87,70,46,54,40,48,43,43
6533151400,02103902,06/08/2009,65,58,59,58,58,56,57,57,55,56,54,55,54,52,46,48,61,97,119,135,164,177,186,193,196,194,195,199,208,207,198,210,214,210,198,190,160,151,137,121,119,115,75,78,78,73,74,74
6533151400,02103902,06/07/2009,63,58,51,46,54,47,48,48,47,50,47,47,49,45,48,48,53,60,60,110,144,162,174,183,197,201,206,207,206,213,219,218,218,216,204,189,150,135,122,97,91,87,59,61,61,61,61,64
6533151400,02103902,06/06/2009,51,51,51,51,51,52,53,53,52,52,52,57,51,53,49,58,61,57,62,86,134,170,181,189,191,193,193,198,195,198,196,204,209,204,170,153,131,118,108,87,86,79,68,71,74,65,71,67
6533151400,02103902,06/05/2009,38,36,36,36,34,35,33,35,34,32,36,32,34,31,35,30,33,55,63,85,115,124,139,150,162,158,168,164,172,166,170,171,163,160,152,137,118,110,94,69,57,55,54,59,55,54,53,56
6533151400,02103902,06/04/2009,46,46,45,45,44,45,45,43,45,43,42,44,40,41,40,40,45,77,87,101,128,144,150,157,168,173,180,174,181,185,178,181,168,157,160,145,143,130,122,115,112,101,63,54,46,42,42,36
6533151400,02103902,06/03/2009,57,58,57,55,43,39,46,46,46,44,38,43,46,39,56,42,63,78,87,104,151,169,172,193,194,200,204,214,219,222,221,219,216,210,195,182,149,128,115,98,88,69,50,52,47,46,46,45
6533151400,02103902,06/02/2009,48,56,57,48,55,56,48,56,53,50,54,46,54,46,52,54,54,96,104,118,158,167,191,201,207,213,216,219,220,223,225,231,223,217,202,184,156,140,130,108,103,95,69,76,72,68,65,62
6533151400,02103902,06/01/2009,45,43,43,43,45,44,43,44,43,44,43,43,41,41,41,44,48,68,82,101,125,131,140,152,156,161,178,182,180,186,184,183,180,175,171,161,138,124,117,97,84,85,59,60,56,51,56,57
6533151400,02103902,05/31/2009,63,57,60,64,51,48,50,47,47,47,48,48,47,48,48,47,47,48,47,83,116,139,151,172,182,193,200,203,208,209,208,211,208,209,199,186,143,119,106,87,88,82,61,57,54,52,50,48
6533151400,02103902,05/30/2009,57,58,56,58,56,57,58,56,56,55,54,55,52,52,52,53,54,76,88,100,139,154,164,185,198,201,204,203,205,206,206,207,209,205,165,136,112,104,100,70,77,68,63,73,59,74,57,59
6533151400,02103902,05/29/2009,44,42,41,41,41,41,40,42,39,41,40,40,39,39,39,39,34,80,108,124,152,175,194,209,221,229,225,229,230,233,224,216,203,189,170,159,135,109,104,84,69,66,68,65,61,60,58,57
6533151400,02103902,05/28/2009,44,33,42,32,41,33,41,33,41,32,41,34,36,37,34,43,44,76,84,113,163,189,198,208,212,219,221,224,227,231,230,231,223,220,209,199,183,180,166,149,147,142,83,58,52,45,45,43
6533151400,02103902,05/27/2009,34,35,34,34,34,26,26,26,26,26,25,25,29,25,29,27,38,59,67,96,118,135,135,136,145,167,161,177,181,175,183,184,183,181,170,160,135,119,104,88,83,72,44,49,43,39,41,32
6533151400,02103902,05/26/2009,54,54,54,53,54,53,54,50,49,49,49,49,48,48,48,48,71,100,111,116,140,156,160,162,170,152,137,135,139,140,140,139,138,131,114,102,83,68,56,46,68,57,37,36,40,33,39,35
6533151400,02103902,05/25/2009,51,50,50,50,50,50,50,50,50,50,50,49,48,48,48,48,51,73,91,133,174,189,204,215,219,224,229,227,226,224,222,216,211,205,196,187,129,116,105,88,84,83,55,56,55,54,53,53
6533151400,02103902,05/24/2009,72,59,60,60,59,58,58,57,58,58,58,57,57,56,56,55,56,59,61,116,168,188,196,212,226,236,242,241,222,227,232,232,230,224,220,205,135,118,111,87,86,84,58,58,58,58,57,56
6533151400,02103902,05/23/2009,89,83,73,60,59,66,56,54,54,58,67,54,51,51,53,71,81,101,110,132,167,191,224,244,251,253,252,245,251,253,254,254,252,251,215,193,171,127,115,80,82,80,79,77,74,69,69,71
6533151400,02103902,05/22/2009,54,50,44,39,47,42,44,39,39,41,40,44,42,41,47,54,57,83,92,115,165,181,192,201,209,212,217,217,217,218,214,220,216,213,197,182,155,133,121,102,99,98,97,97,97,95,96,95
6533151400,02103902,05/21/2009,33,34,33,33,33,32,32,32,32,32,32,32,30,31,31,33,52,71,81,95,129,143,159,171,178,179,181,184,184,185,189,205,205,195,183,176,175,171,163,134,135,133,79,66,63,58,57,55
6533151400,02103902,05/20/2009,40,34,30,30,30,31,30,30,30,29,29,30,28,28,26,27,40,63,74,91,116,134,145,152,163,170,173,178,182,180,179,183,178,177,168,160,141,110,99,85,77,67,46,43,43,40,35,33
6533151400,02103902,05/19/2009,32,32,31,31,31,30,29,29,29,29,29,28,26,27,27,27,38,57,65,85,113,130,139,147,153,155,158,155,162,163,162,160,162,159,150,141,113,85,77,65,62,58,43,45,44,41,41,39
6533151400,02103902,05/18/2009,29,29,29,29,29,26,27,26,27,26,26,26,25,25,25,27,31,46,56,75,104,122,126,134,140,144,151,150,151,153,151,147,146,142,134,125,91,82,74,65,59,56,41,43,39,38,38,32
6533151400,02103902,05/17/2009,83,67,66,64,64,63,59,59,59,58,55,53,48,49,48,47,49,50,52,76,105,125,138,147,156,154,159,157,161,146,143,145,143,145,134,124,90,76,68,54,54,48,36,34,31,30,30,29
6533151400,02103902,05/16/2009,68,67,66,65,64,64,63,58,53,47,59,48,61,49,58,54,76,92,110,118,147,171,180,196,209,215,219,216,218,221,222,226,224,222,187,159,143,113,101,90,90,92,88,86,87,86,85,89
6533151400,02103902,05/15/2009,64,63,63,63,63,64,65,63,62,63,62,61,55,51,49,54,54,84,89,104,140,160,179,192,200,198,197,202,204,203,204,201,202,208,185,170,156,114,110,98,93,92,91,91,87,81,68,66
6533151400,02103902,05/14/2009,36,36,36,36,35,36,36,35,36,36,36,36,34,35,35,35,45,64,78,98,122,137,155,174,187,189,195,195,198,202,203,201,200,195,191,188,190,191,185,171,168,156,88,73,71,70,68,65
6533151400,02103902,05/13/2009,30,30,30,29,30,30,30,29,29,29,27,27,26,26,26,26,36,57,67,78,114,124,135,145,156,159,168,170,173,175,178,176,171,169,151,130,118,100,98,85,81,74,54,47,43,38,36,37
6533151400,02103902,05/12/2009,34,34,33,34,33,31,32,32,31,31,32,31,30,30,31,31,42,57,67,76,111,124,136,144,145,149,150,149,153,152,152,153,152,145,139,128,98,81,74,62,59,56,44,41,41,40,36,31
6533151400,02103902,05/11/2009,33,33,32,33,32,33,29,30,30,29,30,29,27,26,27,29,28,56,64,86,112,128,137,144,144,146,149,145,148,152,148,152,149,136,129,121,85,76,71,56,53,53,38,38,39,36,35,35
6533151400,02103902,05/10/2009,61,54,43,45,43,43,43,42,41,43,42,41,38,36,37,41,42,43,50,79,110,124,140,148,169,169,180,188,193,199,198,201,206,207,212,214,192,191,184,155,113,69,44,43,36,34,33,34
6533151400,02103902,05/09/2009,55,58,51,61,54,51,60,49,55,53,47,54,45,52,46,51,58,78,83,95,144,169,188,202,212,217,222,220,223,223,224,226,223,218,183,169,147,119,104,81,74,76,80,77,73,64,58,62
6533151400,02103902,05/08/2009,36,41,35,35,35,35,35,35,35,35,35,36,33,33,37,33,42,57,83,99,142,161,170,180,193,201,204,204,209,213,208,208,204,194,181,167,136,112,103,85,77,53,63,51,62,50,58,51
6533151400,02103902,05/07/2009,28,28,36,28,36,30,38,30,37,30,37,30,34,32,32,34,36,64,66,86,107,137,155,168,175,180,192,192,193,191,189,182,177,174,161,153,151,144,140,126,119,112,70,62,50,39,38,41
6533151400,02103902,05/06/2009,38,37,35,34,36,37,35,33,34,34,33,32,32,32,31,31,44,60,68,81,110,128,138,140,147,148,150,155,160,164,161,161,156,149,140,128,96,80,74,61,65,65,47,46,46,46,48,33
6533151400,02103902,05/05/2009,34,33,33,32,32,32,33,34,32,33,33,33,31,32,30,30,40,59,68,81,111,124,129,135,141,142,147,157,156,157,158,154,153,144,121,112,92,78,72,63,62,62,44,41,40,38,39,38
6533151400,02103902,05/04/2009,24,24,27,25,25,25,26,25,25,25,25,25,24,25,24,23,27,46,53,-,-,115,125,132,128,135,139,135,136,136,135,137,129,123,113,113,82,74,68,59,60,54,43,43,40,33,32,34
6533151400,02103902,05/03/2009,46,45,41,45,42,40,47,40,46,41,46,40,45,40,39,39,41,39,41,63,102,109,119,130,144,146,154,158,154,154,157,154,152,152,138,124,83,75,70,54,55,54,36,33,34,34,35,29
6533151400,02103902,05/02/2009,52,52,47,49,51,47,50,44,50,45,49,48,42,47,40,47,47,67,62,86,114,130,149,159,164,168,167,164,161,165,168,164,168,163,151,139,106,77,65,54,54,53,54,48,53,54,52,48
6533151400,02103902,05/01/2009,45,45,46,46,46,44,49,45,48,46,44,43,42,42,43,42,45,75,85,79,117,153,151,172,176,177,179,180,182,181,180,179,178,172,166,155,126,108,98,80,71,53,64,51,62,52,60,54
6533151400,02103902,04/30/2009,32,30,29,30,29,29,30,29,30,29,29,28,27,27,28,30,38,57,67,77,105,133,150,156,164,162,165,166,163,168,172,169,163,156,141,134,129,125,121,109,106,102,65,60,55,54,53,45
6533151400,02103902,04/29/2009,35,34,35,34,35,35,32,27,28,27,27,27,26,26,27,26,43,94,107,119,141,154,164,171,175,158,154,158,159,162,159,156,145,134,107,92,80,68,62,50,50,50,37,39,44,36,36,35
6533151400,02103902,04/28/2009,49,45,41,40,40,40,41,39,40,40,38,33,32,34,36,38,66,118,152,167,196,215,225,231,236,238,235,228,227,227,226,223,215,202,190,181,158,140,131,96,92,77,38,37,36,35,35,34
6533151400,02103902,04/27/2009,32,32,32,33,32,32,32,32,32,31,32,32,31,30,30,31,35,73,94,117,139,147,148,182,193,207,209,229,233,233,232,235,231,227,210,186,152,145,136,101,99,96,54,53,56,51,50,50
6533151400,02103902,04/26/2009,66,60,52,43,49,43,47,46,42,48,39,49,39,44,39,42,41,46,54,73,81,116,127,140,170,179,184,187,193,194,199,201,199,193,184,168,117,106,100,66,65,63,36,35,32,32,32,33
6533151400,02103902,04/25/2009,27,25,24,24,25,25,25,24,26,43,41,40,39,39,39,38,48,60,70,86,127,155,177,189,203,208,211,212,215,217,216,222,224,222,174,148,133,111,101,83,79,80,81,78,71,67,73,72
6533151400,02103902,04/24/2009,38,37,38,39,37,38,38,38,41,55,53,53,51,50,49,50,53,64,67,79,111,118,134,137,145,149,153,162,160,160,162,165,166,145,125,110,81,59,52,36,35,35,31,32,31,31,30,31
6533151400,02103902,04/23/2009,28,25,25,24,26,26,26,26,27,41,39,38,36,37,36,37,46,59,60,72,103,118,131,139,144,147,149,148,149,153,156,153,155,134,122,113,106,104,97,76,73,74,58,48,46,45,45,45
6533151400,02103902,04/22/2009,40,40,35,35,35,31,29,29,32,44,42,41,40,41,40,40,49,61,65,78,109,124,136,141,145,149,148,146,145,149,146,144,143,130,111,99,74,56,45,38,38,37,35,36,37,34,34,32
6533151400,02103902,04/21/2009,34,29,24,25,26,26,26,25,27,42,38,38,36,37,36,39,49,58,63,78,110,122,130,137,140,140,145,148,154,158,153,156,155,134,114,107,82,61,56,46,44,42,44,42,44,42,39,39
6533151400,02103902,04/20/2009,42,42,40,40,40,40,40,41,41,40,40,40,39,39,38,39,42,54,59,79,103,115,122,128,130,137,144,143,144,144,143,141,142,121,104,94,65,57,48,40,38,36,36,37,37,33,34,34
6533151400,02103902,04/19/2009,25,24,39,41,40,35,34,33,34,34,34,34,36,37,35,35,36,38,44,70,91,102,118,132,151,160,170,163,165,166,167,167,163,159,148,132,83,75,68,58,55,53,51,51,46,45,43,43
6533151400,02103902,04/18/2009,32,27,26,27,28,28,28,28,31,45,42,41,39,39,39,38,46,61,68,82,120,133,142,147,157,168,173,175,176,180,183,183,188,186,149,126,108,79,71,57,30,24,24,23,24,24,25,24
6533151400,02103902,04/17/2009,39,38,38,38,38,39,39,38,41,51,50,50,49,49,49,49,50,58,61,78,102,119,127,134,143,143,138,140,145,146,148,152,157,137,100,85,70,53,48,37,31,32,32,32,33,32,32,36
6533151400,02103902,04/16/2009,30,30,28,29,29,27,26,27,29,38,38,37,37,37,36,38,46,61,65,77,107,116,128,136,140,141,140,142,144,147,148,147,147,129,112,107,102,97,93,85,82,74,53,47,46,42,41,40
6533151400,02103902,04/15/2009,30,31,31,29,29,29,31,30,32,41,41,43,40,40,39,40,51,61,63,79,106,117,124,129,135,136,139,140,138,143,139,139,135,123,107,99,76,62,54,47,42,41,40,42,39,39,34,30
6533151400,02103902,04/14/2009,27,26,27,27,27,26,25,25,28,39,37,37,35,36,35,37,48,58,60,73,103,120,130,134,137,141,142,143,146,146,143,141,140,130,117,110,81,66,62,54,53,42,35,36,34,32,30,31
6533151400,02103902,04/13/2009,37,38,39,37,38,39,38,38,39,38,37,38,37,36,36,36,40,47,50,70,95,112,125,132,138,140,139,139,140,139,139,139,135,123,104,99,68,57,52,43,43,37,35,37,36,34,28,27
6533151400,02103902,04/12/2009,43,43,41,40,40,40,40,39,40,40,40,38,39,39,38,38,37,39,40,63,72,73,75,75,76,76,75,78,78,77,75,73,75,74,74,69,52,50,48,39,39,39,40,38,37,38,38,38
6533151400,02103902,04/11/2009,27,26,26,26,25,26,25,25,29,43,42,43,40,40,38,38,44,60,58,70,107,118,132,135,144,145,148,148,149,148,147,146,146,146,130,119,85,67,63,55,54,46,43,42,42,42,42,41
6533151400,02103902,04/10/2009,40,41,41,40,41,42,40,40,45,57,54,55,54,54,52,52,54,64,63,78,107,121,127,129,128,137,140,144,153,157,161,160,158,137,117,114,82,55,45,35,34,32,31,31,28,30,30,29
6533151400,02103902,04/09/2009,28,27,26,27,26,26,26,26,30,39,39,38,38,38,37,37,44,56,57,72,103,119,126,135,138,144,145,142,142,142,142,142,143,128,122,119,117,116,116,105,101,89,58,48,46,44,40,40
6533151400,02103902,04/08/2009,36,36,36,36,36,36,36,35,40,48,42,41,40,39,39,41,52,61,64,75,108,115,125,133,136,137,139,145,145,145,143,144,141,121,110,98,72,55,49,41,38,35,36,34,28,28,28,27
6533151400,02103902,04/07/2009,28,28,29,29,27,28,29,29,33,41,42,42,39,41,40,39,51,63,63,83,110,121,134,137,139,143,144,145,144,145,140,140,139,122,112,104,75,58,51,42,39,39,37,36,36,36,36,36
6533151400,02103902,04/06/2009,41,40,41,42,41,41,41,41,41,43,41,41,42,40,40,41,42,53,56,72,106,130,147,140,144,150,142,144,142,146,155,152,147,126,116,106,74,65,56,45,46,43,40,39,38,36,30,32
6533151400,02103902,04/05/2009,53,53,46,40,40,39,39,39,39,39,39,39,38,38,38,38,37,43,44,67,101,114,119,130,141,148,149,150,152,152,162,159,168,161,155,144,100,82,68,53,53,50,46,46,46,44,44,41
6533151400,02103902,04/04/2009,33,32,31,29,30,30,31,30,35,46,44,42,41,41,40,39,50,58,61,80,111,135,138,141,143,149,156,157,156,158,162,162,166,162,125,101,80,62,61,52,55,58,57,51,50,51,52,51
6533151400,02103902,04/03/2009,41,40,41,40,40,41,40,40,46,54,53,52,50,49,50,49,54,62,66,80,109,121,127,130,137,139,141,148,152,167,175,175,172,133,116,114,81,53,42,30,31,31,32,33,34,33,33,33
6533151400,02103902,04/02/2009,30,30,30,29,31,29,29,28,41,41,41,42,41,39,39,40,50,58,65,76,106,115,130,135,139,142,144,146,147,149,151,148,147,127,114,111,106,106,101,93,92,85,60,53,51,46,44,44
6533151400,02103902,04/01/2009,27,26,26,27,27,26,32,39,39,39,37,38,37,37,36,36,47,57,60,77,104,115,128,133,139,137,139,143,141,142,140,140,130,118,110,104,81,65,55,43,43,43,41,40,38,34,34,32
6533151400,02103902,03/31/2009,30,27,27,27,29,29,36,40,39,40,39,40,40,39,38,38,48,62,62,77,107,123,134,139,141,144,144,145,143,146,146,128,125,117,108,95,73,55,49,38,36,27,27,28,29,28,33,30
6533151400,02103902,03/30/2009,44,44,44,44,44,43,41,39,40,40,40,41,39,39,39,41,41,51,53,71,104,116,120,130,136,140,139,139,138,141,138,126,123,118,108,102,66,58,53,40,36,30,28,29,29,27,28,29
6533151400,02103902,03/29/2009,46,40,39,40,40,39,37,38,38,38,38,37,36,36,35,35,37,40,40,65,101,113,117,126,130,143,152,165,166,172,172,175,173,168,150,127,81,69,62,51,48,45,48,46,46,45,45,45
6533151400,02103902,03/28/2009,31,33,33,32,30,31,39,42,42,41,41,42,40,39,38,39,47,59,59,82,109,115,124,137,146,151,152,149,150,148,150,152,154,149,107,93,76,61,58,50,48,49,47,45,46,46,45,50
6533151400,02103902,03/27/2009,46,45,46,47,45,46,56,55,56,55,53,54,55,53,52,51,54,67,69,82,107,118,127,133,138,150,148,144,147,143,139,132,134,127,119,102,75,58,55,47,45,43,41,32,31,32,32,32
6533151400,02103902,03/26/2009,31,30,31,30,31,32,42,42,42,42,42,41,41,42,42,43,50,64,68,82,101,114,130,135,142,145,139,142,144,143,138,132,128,126,118,114,105,101,99,91,87,84,65,55,53,51,50,46
6533151400,02103902,03/25/2009,37,37,37,37,37,41,49,49,48,49,50,49,49,48,47,46,57,69,68,81,108,121,129,135,139,139,141,143,145,146,133,128,126,122,110,101,76,58,52,43,43,42,40,41,41,41,31,31
6533151400,02103902,03/24/2009,37,37,37,38,39,45,48,48,48,50,49,48,48,47,47,47,56,72,72,85,115,128,134,139,143,143,145,148,148,148,134,129,126,124,111,104,75,60,56,48,39,38,40,43,40,39,37,37
6533151400,02103902,03/23/2009,45,45,45,45,44,45,46,44,42,43,44,44,43,42,44,45,46,57,58,75,103,111,125,132,136,137,141,141,142,141,128,128,126,121,110,105,72,60,58,48,45,39,39,39,38,35,35,36
6533151400,02103902,03/22/2009,49,50,48,42,40,40,40,39,38,39,38,39,39,39,38,38,37,39,45,73,99,114,123,128,134,139,143,141,143,149,148,146,148,146,134,120,76,67,60,49,45,44,44,47,47,46,46,46
6533151400,02103902,03/21/2009,31,31,31,31,30,42,42,42,43,44,42,43,42,42,43,41,48,61,62,78,116,124,131,141,144,147,152,150,149,148,145,149,151,145,110,95,86,71,58,49,50,47,48,49,46,48,46,47
6533151400,02103902,03/20/2009,51,50,51,50,52,63,64,63,63,62,61,59,62,62,60,60,63,74,72,83,105,116,127,128,132,136,140,143,145,141,128,130,130,122,114,104,79,62,58,45,44,42,36,35,32,30,31,31
6533151400,02103902,03/19/2009,49,48,46,48,48,48,47,46,46,48,46,46,45,46,46,46,53,68,73,91,106,118,129,140,144,145,149,147,147,138,132,129,125,122,115,105,100,97,92,81,81,79,62,52,51,51,50,50
6533151400,02103902,03/18/2009,47,49,48,48,48,47,47,49,48,48,49,47,47,47,46,46,56,67,60,70,94,110,118,122,127,129,129,146,146,144,138,134,131,127,120,113,87,69,57,41,37,38,35,44,51,51,48,48
6533151400,02103902,03/17/2009,44,44,43,44,45,44,44,43,45,43,44,44,44,45,41,44,54,54,56,70,101,119,127,131,135,138,135,133,134,133,132,130,124,119,108,104,79,63,60,44,39,49,48,54,51,49,48,47
6533151400,02103902,03/16/2009,43,44,47,44,45,44,43,44,47,44,45,44,42,42,29,31,33,45,46,69,97,106,114,123,128,130,132,128,129,130,131,127,128,123,115,105,70,73,72,60,59,58,57,58,57,51,49,44
6533151400,02103902,03/15/2009,50,50,50,40,39,39,39,39,39,39,39,39,40,38,38,37,37,38,45,70,84,104,116,127,135,139,140,142,145,144,143,144,142,138,125,114,79,72,67,57,49,48,49,47,45,44,44,43
6533151400,02103902,03/14/2009,47,46,45,45,46,46,44,43,44,44,44,44,43,42,44,44,51,62,63,81,118,129,135,147,151,152,153,154,154,153,151,152,151,147,113,95,80,63,62,52,50,49,48,49,49,49,48,48
6533151400,02103902,03/13/2009,48,44,43,43,43,42,42,43,43,43,43,43,43,43,43,42,44,58,63,75,109,124,136,139,143,144,147,149,152,148,146,146,144,136,126,117,91,77,73,65,58,58,58,55,53,51,53,47
6533151400,02103902,03/12/2009,46,46,47,46,46,47,46,46,47,46,46,46,46,47,46,47,52,59,70,87,106,117,129,135,140,139,143,141,144,146,145,144,142,138,133,133,132,131,129,125,125,111,83,72,57,51,50,49
6533151400,02103902,03/11/2009,40,40,39,40,41,41,39,40,39,39,39,41,40,39,39,40,43,45,55,78,101,115,123,136,138,136,141,142,142,149,142,145,144,142,135,120,97,85,82,74,71,53,51,53,47,48,48,48
6533151400,02103902,03/10/2009,46,46,46,46,47,47,46,46,46,46,46,46,47,45,45,45,48,53,60,76,96,117,128,129,133,135,137,136,134,135,136,134,131,131,118,112,88,77,74,65,60,49,49,48,47,42,42,40
6533151400,02103902,03/09/2009,38,38,38,38,38,36,37,38,37,37,37,36,38,39,37,38,41,43,45,64,86,111,124,132,142,145,149,151,148,161,161,161,162,157,140,134,108,98,77,73,67,52,50,51,48,45,46,46
6533151400,02103902,03/08/2009,51,52,51,41,-,-,41,39,38,39,40,40,39,36,36,38,38,35,38,38,58,98,112,129,140,145,155,159,161,168,169,172,169,156,141,135,110,96,67,60,53,44,43,41,39,38,38,38
6533151400,02103902,03/07/2009,40,40,42,41,40,42,41,40,42,42,40,41,41,40,41,40,50,64,65,81,110,122,138,147,159,154,162,164,166,167,171,171,169,179,139,111,96,87,75,62,61,60,54,49,49,48,49,48
6533151400,02103902,03/06/2009,48,49,49,50,50,50,49,49,48,50,49,50,49,48,47,49,52,63,65,83,107,118,131,137,140,142,144,143,145,163,176,173,169,159,143,132,98,77,72,58,46,46,44,44,41,40,42,42
6533151400,02103902,03/05/2009,42,41,41,40,42,40,41,41,40,42,41,41,41,40,40,40,54,67,77,92,115,128,135,140,146,145,148,149,149,147,148,146,143,139,132,124,112,113,107,99,97,91,73,65,62,61,59,52
6533151400,02103902,03/04/2009,43,43,43,43,44,43,43,43,43,43,43,44,43,42,42,44,57,72,78,94,119,128,134,136,139,142,143,150,151,152,145,143,140,133,122,115,87,72,66,54,54,46,46,48,47,41,41,40
