 1             7             2009         35.3
 1             8             2009         37.8
 1             9             2009         32.5
 1             10            2009         34.9
 1             11            2009         36.7
 1             12            2009         32.0
 1             13            2009         33.2
 1             14            2009         29.2
 1             15            2009         26.0
 1             16            2009         15.6
 1             17            2009         14.4
 1             18            2009         30.7
 1             19            2009         30.3
 1             20            2009         25.5
 1             21            2009         25.1
 1             22            2009         28.5
 1             23            2009         35.2
 1             24            2009         41.3
 1             25            2009         25.8
 1             26            2009         28.0
 1             27            2009         29.4
 1             28            2009         30.8
 1             29            2009         34.0
 1             30            2009         32.2
 1             31            2009         28.5
 2             1             2009         39.4
 2             2             2009         45.3
 2             3             2009         36.0
 2             4             2009         30.1
 2             5             2009         21.7
 2             6             2009         26.8
 2             7             2009         37.9
 2             8             2009         53.1
 2             9             2009         43.0
 2             10            2009         45.9
 2             11            2009         57.5
 2             12            2009         58.2
 2             13            2009         47.1
 2             14            2009         39.5
 2             15            2009         37.6
 2             16            2009         35.8
 2             17            2009         33.6
 2             18            2009         36.2
 2             19            2009         44.2
 2             20            2009         29.7
 2             21            2009         33.8
 2             22            2009         37.8
 2             23            2009         31.6
 2             24            2009         28.8
 2             25            2009         35.1
 2             26            2009         42.7
 2             27            2009         52.5
 2             28            2009         45.2
 3             1             2009         34.6
 3             2             2009         24.3
 3             3             2009         20.8
 3             4             2009         28.3
 3             5             2009         35.4
 3             6             2009         47.9
 3             7             2009         56.0
 3             8             2009         63.2
 3             9             2009         61.7
 3             10            2009         45.0
 3             11            2009         52.1
 3             12            2009         46.1
 3             13            2009         39.0
 3             14            2009         39.2
 3             15            2009         41.1
 3             16            2009         45.6
 3             17            2009         45.2
 3             18            2009         47.7
 3             19            2009         52.4
 3             20            2009         44.5
 3             21            2009         39.9
 3             22            2009         46.1
 3             23            2009         45.7
 3             24            2009         39.4
 3             25            2009         42.5
 3             26            2009         45.2
 3             27            2009         52.0
 3             28            2009         50.3
 3             29            2009         55.9
 3             30            2009         51.3
 3             31            2009         48.6
 4             1             2009         51.1
 4             2             2009         54.8
 4             3             2009         61.7
 4             4             2009         57.2
 4             5             2009         57.6
 4             6             2009         58.8
 4             7             2009         44.5
 4             8             2009         45.1
 4             9             2009         -99 
 4             10            2009         57.4
 4             11            2009         55.7
 4             12            2009         47.6
 4             13            2009         46.4
 4             14            2009         47.1
 4             15            2009         46.5
 4             16            2009         49.7
 4             17            2009         56.3
 4             18            2009         61.7
 4             19            2009         61.0
 4             20            2009         53.5
 4             21            2009         57.5
 4             22            2009         51.6
 4             23            2009         54.0
 4             24            2009         57.6
 4             25            2009         68.1
 4             26            2009         75.8
 4             27            2009         74.8
 4             28            2009         75.9
 4             29            2009         63.1
 4             30            2009         55.0
 5             1             2009         65.7
 5             2             2009         66.4
 5             3             2009         59.4
 5             4             2009         55.4
 5             5             2009         55.2
 5             6             2009         58.5
 5             7             2009         64.9
 5             8             2009         65.0
 5             9             2009         73.0
 5             10            2009         69.3
 5             11            2009         59.7
 5             12            2009         57.1
 5             13            2009         60.5
 5             14            2009         65.5
 5             15            2009         69.8
 5             16            2009         70.6
 5             17            2009         63.4
 5             18            2009         56.7
 5             19            2009         57.4
 5             20            2009         61.6
 5             21            2009         65.4
 5             22            2009         69.7
 5             23            2009         74.1
 5             24            2009         73.5
 5             25            2009         73.4
 5             26            2009         65.5
 5             27            2009         62.9
 5             28            2009         70.9
 5             29            2009         72.2
 5             30            2009         69.7
 5             31            2009         70.3
 6             1             2009         66.1
 6             2             2009         72.3
 6             3             2009         73.7
 6             4             2009         63.7
 6             5             2009         61.7
 6             6             2009         65.6
 6             7             2009         69.4
 6             8             2009         74.2
 6             9             2009         74.7
 6             10            2009         70.6
 6             11            2009         72.9
 6             12            2009         77.3
 6             13            2009         77.2
 6             14            2009         74.8
 6             15            2009         73.7
 6             16            2009         72.7
 6             17            2009         65.3
 6             18            2009         71.0
 6             19            2009         74.1
 6             20            2009         76.3
 6             21            2009         76.0
 6             22            2009         75.5
 6             23            2009         76.4
 6             24            2009         76.7
 6             25            2009         80.2
 6             26            2009         79.1
 6             27            2009         75.7
 6             28            2009         73.9
 6             29            2009         75.4
 6             30            2009         75.8
 7             1             2009         75.2
 7             2             2009         73.0
 7             3             2009         70.8
 7             4             2009         73.8
 7             5             2009         71.9
 7             6             2009         72.0
 7             7             2009         77.4
 7             8             2009         75.9
 7             9             2009         73.3
 7             10            2009         71.9
 7             11            2009         74.3
 7             12            2009         80.1
 7             13            2009         79.0
 7             14            2009         75.6
 7             15            2009         76.9
 7             16            2009         82.3
 7             17            2009         79.4
 7             18            2009         74.7
 7             19            2009         73.5
 7             20            2009         75.6
 7             21            2009         76.1
 7             22            2009         78.7
 7             23            2009         78.0
 7             24            2009         75.7
 7             25            2009         79.3
 7             26            2009         78.0
 7             27            2009         79.0
 7             28            2009         80.5
 7             29            2009         80.5
 7             30            2009         78.3
 7             31            2009         79.4
 8             1             2009         77.8
 8             2             2009         76.3
 8             3             2009         78.5
 8             4             2009         80.2
 8             5             2009         80.7
 8             6             2009         75.2
 8             7             2009         74.2
 8             8             2009         76.8
 8             9             2009         82.8
 8             10            2009         86.6
 8             11            2009         83.4
 8             12            2009         80.7
 8             13            2009         78.9
 8             14            2009         77.7
 8             15            2009         79.6
 8             16            2009         80.6
 8             17            2009         80.9
 8             18            2009         82.7
 8             19            2009         80.8
 8             20            2009         80.6
 8             21            2009         83.9
 8             22            2009         76.5
 8             23            2009         77.2
 8             24            2009         77.6
 8             25            2009         77.4
 8             26            2009         79.5
 8             27            2009         81.3
 8             28            2009         76.4
 8             29            2009         76.7
 8             30            2009         77.8
 8             31            2009         70.1
 9             1             2009         67.4
 9             2             2009         67.6
 9             3             2009         69.7
 9             4             2009         72.8
 9             5             2009         75.6
 9             6             2009         74.6
 9             7             2009         70.3
 9             8             2009         69.0
 9             9             2009         70.4
 9             10            2009         68.5
 9             11            2009         63.2
 9             12            2009         66.8
 9             13            2009         71.5
 9             14            2009         73.3
 9             15            2009         74.6
 9             16            2009         72.1
 9             17            2009         66.1
 9             18            2009         68.3
 9             19            2009         69.3
 9             20            2009         65.3
 9             21            2009         67.8
 9             22            2009         72.1
 9             23            2009         75.9
 9             24            2009         78.7
 9             25            2009         71.3
 9             26            2009         64.2
 9             27            2009         66.5
 9             28            2009         67.6
 9             29            2009         63.2
 9             30            2009         61.3
 10            1             2009         57.6
 10            2             2009         62.0
 10            3             2009         69.2
 10            4             2009         64.1
 10            5             2009         62.8
 10            6             2009         61.5
 10            7             2009         67.5
 10            8             2009         60.7
 10            9             2009         69.4
 10            10            2009         70.7
 10            11            2009         57.8
 10            12            2009         54.0
 10            13            2009         58.5
 10            14            2009         50.8
 10            15            2009         47.1
 10            16            2009         44.1
 10            17            2009         44.8
 10            18            2009         45.4
 10            19            2009         48.4
 10            20            2009         51.9
 10            21            2009         58.5
 10            22            2009         59.8
 10            23            2009         60.7
 10            24            2009         66.7
 10            25            2009         58.1
 10            26            2009         53.4
 10            27            2009         56.0
 10            28            2009         62.1
 10            29            2009         59.7
 10            30            2009         56.4
 10            31            2009         61.8
 11            1             2009         55.4
 11            2             2009         54.6
 11            3             2009         53.0
 11            4             2009         48.8
 11            5             2009         50.6
 11            6             2009         47.3
 11            7             2009         46.0
 11            8             2009         56.3
 11            9             2009         56.9
 11            10            2009         58.5
 11            11            2009         52.8
 11            12            2009         45.7
 11            13            2009         52.2
 11            14            2009         55.9
 11            15            2009         59.0
 11            16            2009         57.7
 11            17            2009         52.7
 11            18            2009         51.1
 11            19            2009         56.2
 11            20            2009         56.7
 11            21            2009         50.5
 11            22            2009         49.6
 11            23            2009         48.5
 11            24            2009         49.7
 11            25            2009         52.8
 11            26            2009         48.4
 11            27            2009         46.2
 11            28            2009         44.7
 11            29            2009         47.0
 11            30            2009         53.3
 12            1             2009         44.1
 12            2             2009         46.2
 12            3             2009         58.8
 12            4             2009         47.0
 12            5             2009         41.3
 12            6             2009         34.4
 12            7             2009         37.0
 12            8             2009         40.4
 12            9             2009         43.5
 12            10            2009         44.2
 12            11            2009         31.5
 12            12            2009         34.1
 12            13            2009         37.5
 12            14            2009         40.1
 12            15            2009         48.2
 12            16            2009         39.3
 12            17            2009         32.2
 12            18            2009         31.8
 12            19            2009         28.1
 12            20            2009         30.4
 12            21            2009         32.9
 12            22            2009         36.0
 12            23            2009         35.1
 12            24            2009         31.0
 12            25            2009         34.2
 12            26            2009         46.6
 12            27            2009         41.7
 12            28            2009         37.3
 12            29            2009         32.4
 12            30            2009         27.6
 12            31            2009         33.5
 1             1             2010         37.4
 1             2             2010         28.6
 1             3             2010         21.5
 1             4             2010         27.2
 1             5             2010         30.3
 1             6             2010         31.9
 1             7             2010         32.8
 1             8             2010         29.9
 1             9             2010         28.4
 1             10            2010         26.0
 1             11            2010         27.0
 1             12            2010         31.7
 1             13            2010         34.0
 1             14            2010         36.0
 1             15            2010         39.2
 1             16            2010         41.5
 1             17            2010         40.6
 1             18            2010         46.0
 1             19            2010         43.5
 1             20            2010         40.9
 1             21            2010         37.8
 1             22            2010         38.3
 1             23            2010         38.7
 1             24            2010         39.3
 1             25            2010         58.6
 1             26            2010         43.7
 1             27            2010         37.7
 1             28            2010         41.1
 1             29            2010         25.4
 1             30            2010         21.0
 1             31            2010         22.3
 2             1             2010         29.3
 2             2             2010         32.8
 2             3             2010         35.4
 2             4             2010         36.6
 2             5             2010         34.9
 2             6             2010         29.6
 2             7             2010         23.4
 2             8             2010         27.0
 2             9             2010         28.9
 2             10            2010         27.0
 2             11            2010         32.4
 2             12            2010         32.9
 2             13            2010         31.3
 2             14            2010         31.2
 2             15            2010         30.7
 2             16            2010         32.6
 2             17            2010         31.4
 2             18            2010         38.0
 2             19            2010         39.9
 2             20            2010         39.6
 2             21            2010         40.7
 2             22            2010         40.6
 2             23            2010         39.0
 2             24            2010         41.3
