4696475005,02107906,08/09/2010,333,338,337,332,329,327,328,322,323,327,333,334,337,339,352,347,356,368,362,356,-,-,-,-,-,-,-,-,-,-,-,-,-,-,-,-,-,-,-,-,-,-,-,-,-,-,-,-
4696475005,02107906,08/08/2010,304,300,301,294,295,295,309,292,297,288,312,300,303,299,312,315,314,337,341,343,333,341,344,337,338,337,355,361,359,347,352,328,332,343,339,354,356,341,321,333,328,335,347,348,347,347,347,344
4696475005,02107906,08/07/2010,302,298,300,300,300,300,311,316,296,311,301,289,316,303,327,320,326,340,319,301,295,306,318,316,315,337,342,344,336,327,336,318,319,333,337,346,342,334,334,326,322,315,326,323,330,323,316,316
4696475005,02107906,08/06/2010,332,330,333,325,324,325,320,322,318,321,336,320,322,333,346,343,362,369,366,358,351,357,355,356,356,355,356,373,367,346,342,343,342,346,336,333,355,340,331,337,330,332,330,341,318,311,309,306
4696475005,02107906,08/05/2010,341,338,337,330,331,314,324,310,310,314,322,323,333,327,360,361,365,364,359,349,350,356,356,364,369,362,382,382,363,358,364,332,353,365,365,366,368,365,348,345,335,337,344,344,345,342,342,340
4696475005,02107906,08/04/2010,339,341,330,331,328,330,328,322,322,325,343,339,340,352,349,349,294,307,338,358,359,368,370,376,373,366,379,394,386,365,363,363,358,378,363,370,375,357,352,362,358,358,356,352,347,347,346,344
4696475005,02107906,08/03/2010,341,337,331,330,327,328,316,320,319,314,330,328,325,342,345,344,367,371,366,354,353,354,355,367,364,365,372,383,382,379,358,360,377,371,354,368,366,352,351,358,353,357,355,353,348,349,344,344
4696475005,02107906,08/02/2010,304,291,292,295,287,295,284,284,281,284,291,289,300,309,315,323,336,337,330,315,318,320,323,328,325,325,330,359,359,345,330,342,337,353,346,341,359,350,331,338,328,340,339,334,331,330,326,317
4696475005,02107906,08/01/2010,309,318,312,302,299,303,299,295,293,297,318,301,301,310,310,307,314,325,311,308,313,307,306,311,313,314,332,335,323,319,307,307,304,309,326,313,337,329,330,323,308,311,312,312,308,318,311,315
4696475005,02107906,07/31/2010,308,300,314,299,312,304,294,291,311,295,306,317,301,303,299,313,318,322,307,299,294,302,298,312,313,326,332,334,323,310,308,316,316,315,325,330,343,337,324,327,314,323,325,320,318,312,313,306
4696475005,02107906,07/30/2010,334,327,328,326,314,313,323,306,305,297,302,303,304,305,318,312,330,339,349,334,333,328,334,340,336,334,326,334,337,319,315,318,316,333,320,335,343,327,312,309,322,332,317,313,310,313,304,305
4696475005,02107906,07/29/2010,345,346,347,342,343,340,340,340,336,335,343,340,352,348,348,375,370,372,377,356,358,372,360,362,367,362,368,381,383,363,359,356,352,364,351,367,372,363,350,359,350,351,349,349,350,355,353,340
4696475005,02107906,07/28/2010,315,330,318,327,321,322,324,321,323,328,339,337,341,342,365,373,307,312,344,355,350,351,357,358,370,381,365,381,376,356,359,363,363,365,362,364,370,352,344,350,349,350,348,348,351,352,348,346
4696475005,02107906,07/27/2010,312,318,318,321,320,310,316,315,315,308,301,293,295,296,316,317,332,326,327,329,342,329,312,330,345,344,336,349,351,359,358,359,355,365,362,361,359,339,335,334,345,349,347,332,341,324,324,320
4696475005,02107906,07/26/2010,339,341,341,335,334,329,330,327,323,329,332,323,337,321,331,331,362,353,334,331,366,354,366,367,358,351,335,365,363,342,350,349,342,354,342,354,353,334,325,321,325,331,337,336,342,345,330,324
4696475005,02107906,07/25/2010,347,347,343,340,337,327,325,322,322,323,327,329,327,339,351,334,340,361,343,341,346,349,351,375,375,370,374,373,364,358,354,361,360,353,348,362,362,349,341,347,341,346,346,346,346,345,344,343
4696475005,02107906,07/24/2010,349,351,344,341,340,335,333,326,323,326,335,330,333,336,349,350,360,366,353,360,343,343,343,365,367,358,371,368,353,354,355,356,354,372,365,377,372,357,352,358,356,362,363,364,360,357,354,350
4696475005,02107906,07/23/2010,339,341,340,330,327,316,315,321,311,314,332,322,330,353,362,348,366,380,365,363,363,381,377,369,369,364,359,378,383,364,361,360,356,372,372,369,375,358,353,358,355,362,367,364,362,361,355,353
4696475005,02107906,07/22/2010,346,346,342,334,333,330,324,326,321,320,337,324,328,342,348,353,374,382,378,365,365,388,384,390,386,383,382,385,381,360,355,358,362,368,354,364,368,351,345,349,345,350,350,354,353,350,344,337
4696475005,02107906,07/21/2010,339,339,338,337,336,332,331,320,320,323,334,335,336,333,343,347,290,308,348,365,361,360,364,376,369,378,387,383,383,390,390,386,359,376,375,379,370,352,350,356,353,358,359,360,358,358,355,350
4696475005,02107906,07/20/2010,347,342,340,342,341,340,334,330,334,331,340,343,334,346,352,350,370,381,368,360,358,359,360,362,364,360,370,388,390,391,364,355,349,360,358,355,371,351,351,362,362,365,358,350,347,347,343,342
4696475005,02107906,07/19/2010,339,342,341,339,335,330,330,327,326,324,342,348,353,353,360,355,365,374,364,352,354,360,367,382,388,387,369,385,381,362,367,365,358,361,357,373,376,356,359,364,355,364,367,364,362,360,355,350
4696475005,02107906,07/18/2010,340,326,324,333,319,326,314,312,312,317,331,346,330,319,339,348,355,361,364,351,344,340,345,353,362,343,362,372,369,368,365,362,341,362,361,363,367,359,342,347,345,349,353,353,352,353,349,347
4696475005,02107906,07/17/2010,342,337,330,327,320,321,318,318,318,328,350,344,340,328,334,333,346,360,360,346,342,340,340,337,340,340,359,364,354,343,343,345,343,359,354,366,365,345,341,347,340,344,351,353,348,346,344,330
4696475005,02107906,07/16/2010,340,336,330,325,323,326,322,323,323,328,342,341,342,342,346,351,378,382,378,376,364,363,367,366,366,366,371,385,384,383,370,360,356,374,355,376,374,353,343,351,349,356,359,361,354,353,346,341
4696475005,02107906,07/15/2010,337,337,330,330,312,316,318,307,308,308,327,328,330,340,349,360,378,389,381,368,359,370,363,384,390,391,360,379,378,362,360,359,361,360,354,370,358,344,345,352,354,359,357,356,358,354,351,344
4696475005,02107906,07/14/2010,331,329,326,326,317,319,317,318,318,322,343,343,348,351,359,351,290,309,345,362,357,349,352,364,366,367,357,369,378,386,382,378,376,358,348,358,367,369,359,352,345,347,342,347,344,344,342,334
4696475005,02107906,07/13/2010,313,330,328,318,320,311,309,306,301,299,316,318,327,336,357,361,363,375,374,355,351,350,350,365,367,364,352,377,380,369,379,363,362,361,364,375,374,352,353,361,348,346,342,341,336,335,335,325
4696475005,02107906,07/12/2010,310,300,314,298,293,299,295,294,289,292,308,310,312,313,326,350,344,370,372,360,353,352,351,365,369,364,355,379,381,358,345,348,344,354,352,344,340,321,328,328,324,333,330,342,342,341,328,324
4696475005,02107906,07/11/2010,314,312,307,304,304,295,296,295,293,289,307,319,300,303,314,306,305,328,338,330,326,314,318,316,325,340,339,337,319,319,316,308,312,324,330,332,337,319,310,325,319,319,320,337,328,323,324,326
4696475005,02107906,07/10/2010,340,336,329,324,324,320,319,316,318,319,328,344,335,348,352,349,358,362,353,344,328,341,342,338,341,342,342,353,342,332,333,320,336,329,316,342,354,327,323,338,319,330,339,328,325,325,325,325
4696475005,02107906,07/09/2010,343,338,330,329,325,324,321,322,319,322,329,346,343,349,355,355,362,371,362,352,349,349,353,351,353,351,359,370,371,346,350,350,352,346,356,363,365,344,337,346,343,349,349,350,348,347,345,341
4696475005,02107906,07/08/2010,342,341,333,333,330,329,329,327,325,327,335,350,352,357,368,357,364,372,373,365,358,363,362,365,366,365,360,379,383,367,357,353,350,354,350,369,368,354,342,353,344,348,352,352,353,351,349,344
4696475005,02107906,07/07/2010,344,336,332,330,327,325,325,325,326,329,342,344,348,356,363,362,293,310,354,352,352,358,366,364,363,378,378,378,371,352,353,352,349,357,355,364,355,341,338,345,342,344,345,347,344,345,342,342
4696475005,02107906,07/06/2010,336,332,325,322,320,318,315,314,312,307,320,312,318,333,343,358,362,378,362,359,350,354,355,356,359,358,358,379,379,370,374,363,344,351,342,358,361,339,335,341,338,349,344,345,346,341,344,342
4696475005,02107906,07/05/2010,279,283,278,273,271,270,270,271,265,268,281,283,285,281,284,289,286,293,293,297,291,286,286,297,295,290,297,319,355,339,336,333,341,337,333,346,357,341,337,341,334,340,343,347,346,344,348,340
4696475005,02107906,07/04/2010,274,275,272,272,268,265,261,260,261,261,272,278,274,269,287,276,287,299,295,291,296,282,291,289,289,287,307,310,307,310,298,298,289,286,290,307,308,297,288,297,290,292,296,294,295,293,293,289
4696475005,02107906,07/03/2010,272,270,267,264,263,261,262,256,256,259,267,275,263,266,282,283,284,298,298,290,286,288,284,284,282,277,300,306,296,280,280,280,283,292,302,295,307,308,292,286,279,285,290,286,288,290,284,281
4696475005,02107906,07/02/2010,277,270,270,269,271,271,271,267,269,269,275,286,287,284,302,307,307,310,302,301,292,296,295,306,304,296,293,310,312,298,290,288,284,291,282,300,305,293,281,289,282,285,289,289,289,287,281,276
4696475005,02107906,07/01/2010,289,287,282,276,280,275,271,274,272,268,283,277,271,279,285,282,302,314,306,301,298,303,310,300,302,299,298,317,319,304,305,307,293,309,303,303,310,295,289,296,291,294,295,296,293,293,286,283
4696475005,02107906,06/30/2010,310,313,315,306,304,296,310,281,268,273,289,293,293,301,294,292,251,258,313,312,303,297,297,309,314,305,316,320,321,305,293,296,332,351,307,331,319,312,314,304,291,316,296,296,295,294,293,290
4696475005,02107906,06/29/2010,349,349,340,339,338,331,328,325,321,319,342,331,328,347,341,352,367,356,368,346,343,342,355,352,356,356,352,374,370,361,361,351,350,345,335,363,347,340,331,336,332,343,340,336,327,319,324,319
4696475005,02107906,06/28/2010,342,338,336,338,338,336,335,336,330,327,343,343,333,349,346,349,369,376,363,361,380,370,381,384,384,371,362,385,388,369,360,357,355,369,363,358,372,358,350,359,354,359,362,362,361,361,358,350
4696475005,02107906,06/27/2010,317,318,326,321,308,307,316,317,316,304,316,331,309,331,345,342,342,349,350,349,336,336,340,342,348,366,374,363,356,347,344,347,349,364,364,366,365,344,344,351,342,348,348,352,351,353,352,347
4696475005,02107906,06/26/2010,307,315,318,321,309,302,310,310,298,303,322,305,312,318,340,330,333,354,336,331,347,338,340,350,342,338,338,361,357,339,339,342,337,346,349,359,360,349,336,341,338,344,338,343,336,337,335,335
4696475005,02107906,06/25/2010,336,340,338,324,317,320,314,309,307,313,327,315,305,318,332,334,343,348,333,344,344,353,370,366,363,355,345,355,370,347,348,333,331,344,339,349,354,342,327,328,317,326,334,335,324,315,324,317
4696475005,02107906,06/24/2010,349,350,347,343,337,334,335,331,328,327,333,333,350,360,365,361,372,376,371,367,384,378,328,293,391,394,385,395,394,372,366,363,359,374,364,364,369,359,344,347,343,348,355,353,352,352,350,342
4696475005,02107906,06/23/2010,311,309,304,301,302,303,298,299,297,299,311,308,297,312,333,335,284,285,327,327,323,335,375,369,387,368,362,382,384,383,384,375,365,360,364,369,371,372,355,354,350,357,359,362,361,358,357,351
4696475005,02107906,06/22/2010,307,308,294,296,293,294,291,292,289,290,303,302,291,312,328,333,334,346,337,329,342,333,332,348,347,343,345,346,352,337,340,344,334,329,318,325,338,334,320,330,327,330,328,323,324,319,320,319
4696475005,02107906,06/21/2010,303,298,290,291,289,286,286,291,283,291,298,297,296,301,313,315,329,340,326,320,323,320,332,329,341,338,333,344,341,329,325,320,315,328,335,331,327,314,309,318,314,320,321,322,317,318,317,312
4696475005,02107906,06/20/2010,308,302,296,294,292,289,290,288,289,293,303,305,296,297,318,300,313,316,310,306,311,323,326,325,325,326,331,336,328,324,325,323,321,326,328,328,330,315,309,313,308,318,316,318,318,315,314,306
4696475005,02107906,06/19/2010,291,283,285,278,280,275,277,278,276,281,299,291,284,296,300,296,303,314,305,306,305,315,319,319,324,322,329,332,322,308,308,309,309,325,322,325,330,309,309,316,309,316,317,320,319,314,312,312
4696475005,02107906,06/18/2010,295,283,290,283,277,278,274,273,270,269,284,280,267,277,284,287,298,316,314,309,311,308,311,309,315,311,310,330,325,319,317,313,311,309,307,315,324,304,302,308,301,308,315,308,305,306,296,295
4696475005,02107906,06/17/2010,313,316,305,305,301,299,295,294,292,295,310,311,305,323,318,315,333,338,326,319,320,321,341,346,347,335,344,342,327,319,317,312,310,311,316,317,319,310,305,307,301,308,312,309,311,306,306,300
4696475005,02107906,06/16/2010,298,295,290,285,288,284,285,285,284,290,307,303,292,326,319,318,272,274,308,315,319,327,345,344,334,326,335,342,342,340,335,336,333,333,324,335,331,323,309,306,309,317,316,319,321,317,317,311
4696475005,02107906,06/15/2010,342,330,315,311,294,292,292,287,289,289,311,318,315,321,328,330,336,338,324,323,320,332,341,348,347,334,342,342,341,322,325,321,316,320,314,327,330,318,314,307,310,316,313,314,309,309,301,299
4696475005,02107906,06/14/2010,320,307,312,310,297,298,294,287,288,288,295,308,289,315,325,331,329,322,321,307,316,335,329,339,331,324,341,350,359,385,366,360,361,379,375,377,378,365,353,356,359,362,358,360,358,354,356,341
4696475005,02107906,06/13/2010,309,310,300,297,292,289,289,284,289,288,290,300,299,313,309,306,322,330,341,343,356,361,359,362,359,351,366,367,364,369,367,363,364,362,365,361,366,352,350,346,352,361,359,362,359,356,351,326
4696475005,02107906,06/12/2010,295,293,285,286,286,284,284,284,280,281,290,302,298,298,293,290,300,310,305,302,297,307,318,329,328,315,334,364,358,367,368,367,365,365,366,369,365,347,351,339,324,320,322,328,316,316,314,310
4696475005,02107906,06/11/2010,288,289,292,286,284,281,276,277,275,279,278,280,292,296,308,309,310,312,301,302,304,306,306,321,317,309,324,323,327,326,322,321,320,321,321,321,332,304,301,298,301,312,313,309,302,305,306,300
4696475005,02107906,06/10/2010,309,309,303,300,295,290,291,286,288,295,300,309,306,307,323,327,330,321,314,315,318,317,322,335,328,320,329,335,333,332,315,313,311,310,309,318,320,308,303,303,306,313,310,308,306,307,304,300
4696475005,02107906,06/09/2010,276,276,271,273,268,268,269,266,268,268,272,287,292,301,294,291,249,249,292,302,301,302,305,303,307,307,317,317,318,317,303,309,317,313,314,311,311,294,299,302,313,319,322,313,321,321,312,311
4696475005,02107906,06/08/2010,278,275,272,272,268,269,267,263,261,265,268,282,278,288,285,277,293,301,303,304,305,304,303,290,280,278,298,306,303,299,311,307,305,298,291,300,298,283,288,285,289,298,292,289,286,282,281,281
4696475005,02107906,06/07/2010,282,278,276,270,268,265,263,262,259,257,264,278,279,288,280,281,297,303,291,292,293,296,309,316,315,316,313,305,319,314,311,316,313,310,308,303,306,290,289,286,288,292,294,293,292,287,284,281
4696475005,02107906,06/06/2010,310,303,294,294,287,290,287,289,289,288,295,300,293,290,301,299,305,314,312,300,300,303,304,301,305,307,321,323,316,312,306,305,306,306,240,230,230,233,223,282,299,307,303,306,305,302,296,290
4696475005,02107906,06/05/2010,305,298,296,292,289,287,281,284,284,284,295,291,281,283,300,314,307,314,308,302,305,307,305,305,314,323,307,307,311,303,306,305,304,313,317,322,319,317,307,308,310,316,316,316,316,317,315,310
4696475005,02107906,06/04/2010,334,332,329,328,325,324,319,316,318,314,319,328,337,351,340,309,327,333,323,322,323,323,335,352,380,356,331,336,325,328,332,325,311,314,321,315,321,318,307,307,312,321,318,320,318,316,315,309
4696475005,02107906,06/03/2010,356,352,344,334,330,329,331,329,325,325,335,341,348,354,352,354,367,370,362,368,371,371,368,373,378,370,375,382,384,368,367,376,377,361,372,369,367,347,345,341,342,352,351,346,350,349,349,342
4696475005,02107906,06/02/2010,299,296,293,293,287,285,283,283,276,275,294,294,287,292,306,304,248,262,294,312,308,312,318,330,332,328,330,357,367,357,356,357,352,355,363,360,365,361,353,350,354,361,362,364,361,362,356,352
4696475005,02107906,06/01/2010,291,296,285,277,277,271,272,266,270,272,280,285,294,298,303,314,318,321,315,327,332,329,321,326,337,359,357,365,359,348,347,282,304,309,301,268,243,227,230,229,234,244,238,243,290,309,307,303
4696475005,02107906,05/31/2010,281,281,284,283,282,278,277,274,273,276,276,283,277,282,290,287,302,303,291,291,294,300,311,315,320,309,317,316,303,299,301,301,302,311,303,312,316,299,300,302,304,310,307,311,311,302,296,294
4696475005,02107906,05/30/2010,279,279,278,270,270,266,265,267,264,266,272,282,284,289,288,278,291,299,295,285,288,293,306,302,302,292,296,303,294,292,293,291,292,306,300,305,301,289,291,286,293,298,302,299,299,297,293,284
4696475005,02107906,05/29/2010,280,279,278,270,268,268,266,263,262,264,268,283,271,279,287,272,281,292,286,291,274,276,277,294,293,289,294,297,289,284,287,285,297,299,299,307,301,287,290,291,291,296,300,299,288,291,287,282
4696475005,02107906,05/28/2010,312,313,312,307,301,295,297,295,291,295,303,315,316,320,332,330,337,324,290,293,291,293,294,303,304,298,303,310,292,289,288,299,303,296,295,289,299,280,284,276,282,288,288,289,287,286,286,278
4696475005,02107906,05/27/2010,294,293,286,285,274,278,274,275,271,270,287,293,294,293,303,300,314,317,303,310,309,309,323,328,328,320,328,335,340,351,346,344,345,343,339,348,352,339,340,339,332,340,341,334,332,327,322,315
4696475005,02107906,05/26/2010,271,272,271,266,262,261,261,261,257,261,268,278,269,278,293,284,245,248,302,320,309,319,324,317,327,313,323,329,323,327,312,317,311,323,317,316,312,297,299,298,304,311,309,312,309,300,297,291
4696475005,02107906,05/25/2010,279,280,271,266,266,265,262,261,261,269,278,278,291,298,289,288,304,301,300,290,284,287,288,309,308,292,305,309,313,302,302,313,313,307,306,302,299,285,287,282,289,292,292,288,284,282,277,274
4696475005,02107906,05/24/2010,273,270,271,263,263,259,259,259,257,257,260,270,287,284,299,281,297,308,293,295,289,289,284,302,302,297,293,301,305,306,296,294,295,295,296,295,289,272,283,281,286,292,293,294,289,287,281,277
4696475005,02107906,05/23/2010,272,272,267,260,259,260,259,259,260,261,267,273,283,283,285,275,274,288,283,289,280,272,276,285,291,289,285,290,295,278,282,279,279,294,290,292,289,274,281,279,282,286,287,289,288,284,284,277
4696475005,02107906,05/22/2010,267,266,253,251,249,247,248,246,249,248,259,263,256,271,267,265,280,278,284,267,270,272,267,286,279,276,289,290,278,275,278,278,275,286,286,289,281,274,277,274,277,285,287,286,285,285,280,273
4696475005,02107906,05/21/2010,263,262,263,261,260,257,254,255,254,254,258,269,272,275,269,267,290,295,298,301,308,295,295,310,308,291,298,300,297,288,287,298,298,295,293,292,292,273,272,273,282,286,284,285,280,279,276,269
4696475005,02107906,05/20/2010,269,268,264,259,255,254,253,250,248,253,264,272,271,275,277,264,283,283,283,288,282,276,279,301,298,289,287,296,291,284,295,285,290,296,295,293,289,276,278,275,279,285,285,286,287,285,280,268
4696475005,02107906,05/19/2010,253,251,250,250,247,245,247,246,246,246,261,265,258,274,282,279,229,229,266,270,271,275,278,290,292,279,273,265,285,275,272,290,288,277,269,280,272,256,264,258,269,272,274,273,272,273,272,268
4696475005,02107906,05/18/2010,252,253,250,248,244,245,243,238,238,244,252,265,264,278,274,268,282,281,283,286,271,271,276,289,290,274,281,288,278,273,273,271,264,274,270,261,272,269,275,267,272,272,270,268,263,261,258,256
4696475005,02107906,05/17/2010,267,267,265,265,258,257,253,249,250,251,261,265,281,282,289,285,283,286,277,284,289,284,283,295,295,290,273,283,272,277,275,266,263,272,270,271,266,256,263,265,267,269,272,270,266,261,260,258
4696475005,02107906,05/16/2010,261,256,249,249,245,248,244,243,242,248,247,255,254,258,260,253,264,264,265,254,255,257,256,269,269,256,268,271,263,259,260,260,260,268,268,273,275,263,264,263,270,276,273,271,270,272,267,265
4696475005,02107906,05/15/2010,277,272,261,256,255,254,253,252,253,257,261,270,272,270,268,256,269,271,264,253,249,268,270,270,273,257,266,268,254,253,256,256,256,274,268,275,266,259,264,263,267,272,275,274,269,268,263,262
4696475005,02107906,05/14/2010,259,257,252,248,247,249,244,245,243,244,252,254,268,276,272,275,290,294,278,290,288,291,302,296,301,303,310,319,313,312,305,304,301,300,308,309,313,301,296,286,289,292,298,296,291,293,286,281
4696475005,02107906,05/13/2010,263,263,256,248,248,245,241,241,239,237,245,257,253,262,273,267,286,284,276,280,273,275,276,291,279,272,277,285,279,268,267,269,263,278,268,273,270,259,261,262,267,271,270,273,272,269,267,263
4696475005,02107906,05/12/2010,257,254,253,252,253,248,249,248,247,253,261,259,260,270,274,270,232,236,282,287,280,283,282,280,295,296,292,308,307,298,294,291,287,298,297,297,284,262,267,265,270,272,273,270,268,267,263,262
4696475005,02107906,05/11/2010,259,252,250,248,244,247,240,239,241,243,252,259,254,252,272,276,280,279,271,270,271,284,278,276,284,272,278,286,279,270,269,270,263,272,268,270,271,260,262,267,267,276,270,269,266,264,259,259
4696475005,02107906,05/10/2010,251,250,243,243,235,234,235,232,232,234,238,246,238,249,252,253,279,268,271,269,266,267,270,266,272,272,283,282,273,265,263,269,263,277,266,272,269,254,258,261,266,269,273,269,271,266,268,256
4696475005,02107906,05/09/2010,250,251,240,238,237,236,232,231,234,233,239,241,238,240,248,247,255,259,249,245,249,250,255,264,258,251,263,261,257,251,255,251,264,263,258,271,259,247,249,251,255,262,260,264,264,265,258,259
4696475005,02107906,05/08/2010,257,258,248,249,247,245,247,246,245,249,256,270,256,254,266,270,279,297,286,266,268,264,265,262,256,266,275,266,261,260,261,261,259,267,267,273,271,251,250,250,258,265,264,265,261,258,258,248
4696475005,02107906,05/07/2010,255,255,253,251,248,250,246,247,245,250,259,266,254,272,278,277,283,287,280,279,292,285,274,279,272,274,287,296,291,277,279,272,271,280,278,286,281,262,264,265,275,277,279,276,273,269,264,261
4696475005,02107906,05/06/2010,279,277,273,268,264,261,257,261,256,259,279,272,268,272,279,282,299,299,294,296,297,308,298,296,296,295,290,303,297,290,292,284,282,292,287,288,282,265,263,267,271,275,277,274,272,270,265,260
4696475005,02107906,05/05/2010,260,256,253,251,248,247,245,248,244,249,252,260,253,257,280,287,241,234,270,278,281,282,283,287,283,286,299,288,295,301,287,289,287,296,291,296,291,281,277,280,284,288,288,286,287,288,286,280
4696475005,02107906,05/04/2010,281,279,278,268,266,265,262,260,261,260,282,280,271,277,281,285,297,296,287,287,283,280,289,284,283,287,282,299,301,288,285,284,288,294,288,290,287,273,272,273,278,284,277,274,273,272,270,266
4696475005,02107906,05/03/2010,281,279,282,280,277,276,276,273,271,271,281,281,286,295,304,307,315,298,316,302,305,306,307,306,312,326,324,325,311,310,315,308,305,307,312,314,292,278,281,284,289,295,296,295,294,293,290,282
4696475005,02107906,05/02/2010,279,275,269,267,267,263,257,255,258,258,278,281,280,283,288,285,288,287,285,281,285,290,290,287,291,297,312,311,301,300,299,299,296,295,299,310,316,304,298,298,300,304,301,304,301,298,296,288
4696475005,02107906,05/01/2010,255,255,248,247,245,243,240,240,239,243,251,247,248,244,249,249,261,270,256,254,272,278,272,271,273,276,293,285,276,277,279,281,278,279,279,294,291,277,281,282,289,290,291,291,287,289,283,281
4696475005,02107906,04/30/2010,253,255,249,244,244,240,239,235,236,239,244,260,254,260,275,281,282,289,276,277,278,281,276,272,278,282,291,283,282,279,273,276,277,286,278,282,276,266,266,267,272,275,276,276,270,268,260,257
4696475005,02107906,04/29/2010,260,252,249,243,240,241,235,233,236,237,248,261,252,258,260,266,276,279,269,268,272,272,274,273,270,279,289,286,282,274,271,269,267,263,265,274,271,256,259,261,266,270,273,272,269,268,262,260
4696475005,02107906,04/28/2010,247,248,244,243,241,239,239,236,239,242,249,251,255,263,266,259,216,224,265,276,275,284,276,268,273,273,262,273,284,265,269,271,272,272,265,265,267,250,255,260,262,269,270,265,268,264,264,259
4696475005,02107906,04/27/2010,262,261,260,255,251,249,249,246,248,252,270,267,266,264,268,269,274,282,272,264,264,266,268,275,270,273,278,287,278,269,269,264,262,260,261,272,265,252,254,257,264,270,264,259,258,253,249,248
4696475005,02107906,04/26/2010,253,254,245,244,243,243,238,237,238,240,243,250,267,280,277,267,284,285,280,274,269,272,270,271,275,274,280,285,272,266,266,263,269,271,265,272,273,261,264,263,268,273,272,270,267,268,269,264
4696475005,02107906,04/25/2010,251,252,244,239,242,237,233,234,234,233,239,257,246,249,251,249,254,264,261,266,264,253,254,255,260,262,262,272,282,274,271,271,269,278,276,280,282,272,265,262,267,268,263,261,260,260,261,257
4696475005,02107906,04/24/2010,255,251,246,242,237,237,231,232,233,234,246,247,239,247,251,243,251,259,256,250,244,245,251,248,247,255,260,266,251,249,251,249,248,264,254,269,266,247,255,255,262,262,263,267,262,261,261,257
4696475005,02107906,04/23/2010,250,252,255,250,250,247,245,246,241,242,250,251,255,255,262,263,263,268,266,264,268,266,269,269,277,270,278,280,281,267,267,267,268,276,263,269,266,253,252,257,262,268,273,271,266,268,262,258
4696475005,02107906,04/22/2010,262,255,247,248,248,248,243,243,239,243,251,253,264,268,272,268,279,284,282,281,272,269,275,289,293,271,276,288,283,284,284,266,265,274,262,272,272,250,256,259,263,266,271,269,266,264,263,256
4696475005,02107906,04/21/2010,251,249,244,241,243,239,239,240,236,240,252,243,254,258,268,271,228,231,272,272,267,269,268,272,275,273,271,278,289,284,270,269,266,276,263,276,271,261,259,262,269,271,272,270,267,267,265,261
4696475005,02107906,04/20/2010,254,251,248,244,239,238,233,233,235,235,257,257,247,256,223,207,214,222,216,214,206,256,265,258,271,265,272,277,283,265,263,264,261,267,257,264,268,256,257,267,267,275,271,261,260,258,257,253
4696475005,02107906,04/19/2010,245,248,244,238,241,238,238,236,235,241,258,264,253,257,256,258,272,281,271,266,256,230,224,225,252,277,267,281,283,268,271,267,264,261,260,270,271,252,251,260,266,264,271,261,266,265,261,257
4696475005,02107906,04/18/2010,249,248,245,237,238,238,238,237,236,237,238,247,242,240,246,241,252,256,249,254,255,260,252,243,244,248,245,252,260,241,244,243,243,253,250,254,253,240,249,253,261,259,260,261,259,256,256,251
4696475005,02107906,04/17/2010,260,259,251,243,243,246,239,235,236,241,245,254,262,260,264,262,257,257,244,239,242,246,243,246,249,252,246,260,261,250,250,247,245,257,249,258,255,239,248,249,255,260,261,256,259,255,253,255
4696475005,02107906,04/16/2010,264,261,258,254,252,251,245,247,245,244,258,265,268,274,282,286,283,294,286,275,280,283,283,290,284,297,298,299,295,279,277,274,275,276,290,276,283,276,265,271,270,270,273,275,273,270,266,261
4696475005,02107906,04/15/2010,260,258,251,249,245,245,244,241,240,240,252,254,250,255,260,261,271,282,280,285,285,272,288,287,289,285,287,285,287,280,271,272,267,273,275,277,276,272,261,267,272,277,277,277,275,274,273,266
4696475005,02107906,04/14/2010,253,254,255,253,247,244,244,242,240,246,255,252,255,261,266,265,223,223,269,273,273,272,283,286,284,272,273,275,286,274,268,265,264,258,258,258,269,264,259,263,266,269,272,271,270,268,269,264
4696475005,02107906,04/13/2010,261,259,256,248,248,245,243,242,244,246,251,251,255,269,286,286,282,283,274,267,265,272,277,275,275,273,281,287,285,276,267,260,257,262,274,273,266,266,262,259,263,270,265,265,264,262,263,259
4696475005,02107906,04/12/2010,258,257,249,245,243,244,244,243,240,242,246,252,251,257,278,275,278,276,281,271,271,272,272,274,273,272,281,289,284,270,269,269,265,261,262,268,266,255,259,263,266,268,271,267,265,268,261,260
4696475005,02107906,04/11/2010,253,251,239,237,236,234,232,233,230,232,236,237,233,253,263,261,260,266,256,248,245,250,251,250,252,252,255,274,277,259,256,256,257,259,257,260,272,265,255,259,263,265,265,268,268,269,267,261
4696475005,02107906,04/10/2010,252,248,240,236,233,233,234,232,232,236,235,248,237,241,244,244,251,263,262,248,246,249,255,246,244,246,250,263,268,248,252,259,272,276,266,258,269,262,251,256,263,264,264,264,265,266,261,258
4696475005,02107906,04/09/2010,266,264,261,258,258,252,250,251,249,250,270,275,275,280,291,286,286,280,276,273,270,278,286,283,283,267,270,279,276,263,260,263,269,267,252,261,265,256,252,256,261,265,266,264,263,264,257,255
4696475005,02107906,04/08/2010,281,277,274,272,271,270,271,267,270,268,279,287,292,302,301,299,300,299,285,287,294,297,298,298,301,301,295,306,304,295,292,295,291,287,284,292,299,285,286,290,292,294,295,290,286,279,275,271
4696475005,02107906,04/07/2010,268,268,260,257,256,256,256,251,252,253,255,259,257,263,276,274,237,238,278,282,290,299,306,313,314,295,297,298,311,309,296,295,289,287,295,296,296,281,284,288,294,297,295,297,296,295,291,284
4696475005,02107906,04/06/2010,264,263,257,250,249,246,246,244,243,244,267,272,274,291,293,280,288,296,290,298,307,310,314,318,320,300,309,314,313,297,292,291,286,286,281,291,292,280,284,282,290,292,288,286,290,288,281,273
4696475005,02107906,04/05/2010,257,255,250,249,247,245,243,242,242,244,258,262,261,273,279,280,280,284,282,287,291,292,291,291,292,295,288,287,295,283,272,273,272,268,266,281,281,267,271,274,276,275,275,273,272,275,272,269
4696475005,02107906,04/04/2010,255,256,253,249,244,244,241,241,241,243,250,249,248,252,254,248,255,261,266,264,260,257,258,257,254,254,264,272,261,255,253,255,267,269,271,271,267,260,255,263,270,271,265,267,264,265,267,259
4696475005,02107906,04/03/2010,254,253,250,243,240,242,240,237,242,242,260,264,263,265,267,263,261,263,257,265,264,263,260,259,254,263,269,269,259,255,257,258,261,255,263,272,271,261,262,265,266,271,270,268,268,263,265,258
4696475005,02107906,04/02/2010,260,262,254,250,248,247,242,241,241,244,252,267,266,273,273,264,278,279,267,263,271,280,232,272,269,265,269,280,271,266,263,264,262,260,263,271,266,252,255,261,265,265,270,270,271,266,265,259
4696475005,02107906,04/01/2010,265,262,252,247,245,243,244,238,239,239,251,247,257,259,262,265,284,301,301,275,239,281,297,278,287,292,284,284,289,275,274,270,273,264,265,273,274,265,261,263,271,270,270,268,273,273,269,267
4696475005,02107906,03/31/2010,264,260,256,253,251,250,250,247,249,249,261,274,278,288,291,286,231,233,275,285,295,272,263,266,262,236,246,295,274,270,270,270,265,259,259,266,269,259,259,261,269,273,273,275,274,271,269,263
4696475005,02107906,03/30/2010,264,265,259,258,257,252,248,246,248,252,261,262,274,268,266,230,237,289,278,286,284,276,282,280,274,278,280,287,291,276,272,268,264,258,259,271,272,269,267,269,275,270,264,262,261,262,259,260
4696475005,02107906,03/29/2010,263,263,262,254,252,249,247,249,248,244,254,274,268,268,282,284,298,297,284,278,273,272,272,278,275,273,281,288,288,273,268,267,261,261,260,261,276,276,276,271,273,278,276,271,272,274,274,268
4696475005,02107906,03/28/2010,256,254,251,242,240,239,237,237,237,237,246,248,244,249,262,258,269,271,251,251,252,251,251,251,250,253,255,270,273,271,259,257,259,254,264,269,275,271,260,263,265,267,267,264,268,266,266,264
4696475005,02107906,03/27/2010,249,247,240,239,233,233,233,231,233,234,237,240,238,242,183,167,165,231,91,58,60,58,150,170,177,173,180,180,226,250,254,258,255,249,253,266,269,249,255,258,262,261,262,265,261,263,258,253
4696475005,02107906,03/26/2010,262,258,254,249,247,246,246,243,240,243,249,250,257,266,264,275,285,288,274,264,268,271,261,271,263,262,265,277,276,275,262,255,254,249,252,249,260,262,258,256,258,262,262,263,262,259,258,255
4696475005,02107906,03/25/2010,263,263,253,250,249,249,246,246,239,247,252,271,273,286,282,278,284,287,271,273,273,275,271,273,273,275,272,275,286,271,268,272,265,261,263,270,278,272,268,270,270,273,272,274,273,275,269,264
4696475005,02107906,03/24/2010,256,252,247,243,242,240,238,239,237,243,245,241,251,257,269,259,229,229,269,268,268,259,272,272,291,300,299,292,241,243,255,275,267,261,261,272,272,258,266,269,273,275,273,270,268,270,267,262
4696475005,02107906,03/23/2010,262,257,249,249,242,242,240,237,238,239,257,256,250,259,272,265,275,279,262,261,262,269,266,272,272,282,273,277,275,275,267,261,257,257,252,265,269,254,260,263,270,267,262,264,261,259,256,253
4696475005,02107906,03/22/2010,261,260,249,248,248,246,244,240,240,245,253,252,256,256,268,266,283,282,271,272,272,277,275,275,278,278,274,291,288,273,276,275,268,260,266,274,274,268,267,271,271,271,272,272,269,267,265,264
4696475005,02107906,03/21/2010,256,253,249,244,244,240,242,240,237,243,252,263,260,252,253,247,255,262,248,244,241,245,246,249,252,250,254,259,268,265,252,252,252,249,254,271,267,260,259,263,265,268,265,263,265,266,264,261
4696475005,02107906,03/20/2010,253,253,243,242,244,241,236,236,236,240,247,252,247,251,254,250,258,261,254,249,251,252,255,255,252,251,253,257,261,255,252,255,251,247,257,268,265,247,257,262,264,264,267,267,262,264,263,258
4696475005,02107906,03/19/2010,260,261,255,252,244,242,240,239,236,239,251,256,259,268,280,274,275,281,275,272,273,272,274,273,281,276,280,279,282,272,268,270,262,258,261,271,266,261,262,265,266,267,271,272,268,267,261,262
4696475005,02107906,03/18/2010,265,267,256,253,245,246,241,244,239,241,256,255,257,267,281,279,277,285,278,278,282,279,280,279,280,280,278,279,285,275,272,273,267,264,265,268,272,260,265,272,270,275,274,275,273,266,266,261
4696475005,02107906,03/17/2010,262,260,259,259,252,249,248,250,245,253,260,263,266,275,285,281,223,229,275,281,281,282,278,277,283,288,288,289,288,289,285,283,276,269,269,263,263,261,273,278,280,281,282,280,278,274,268,268
4696475005,02107906,03/16/2010,271,258,251,248,248,247,248,252,249,253,246,226,221,229,234,239,239,241,242,271,281,281,281,280,277,278,273,276,287,279,279,278,270,269,268,275,273,265,272,280,280,281,276,274,270,267,266,257
4696475005,02107906,03/15/2010,209,211,202,198,197,197,195,195,192,193,204,210,219,232,244,245,244,244,237,229,235,249,276,279,282,283,280,284,291,278,282,275,274,265,267,271,269,275,282,277,281,280,282,275,271,272,271,268
4696475005,02107906,03/14/2010,262,258,246,243,-,-,239,243,244,239,252,251,249,253,263,265,265,260,261,254,254,250,250,246,247,251,255,259,262,254,253,250,250,257,261,263,268,261,263,268,267,227,223,228,240,221,217,212
4696475005,02107906,03/13/2010,261,257,251,246,248,248,246,242,241,249,244,255,256,261,266,273,267,272,273,264,260,262,260,260,267,269,263,270,281,272,271,269,267,271,274,276,287,276,278,274,278,274,280,273,268,270,265,261
4696475005,02107906,03/12/2010,273,271,270,264,265,264,264,258,254,262,272,274,274,284,292,292,305,314,299,304,307,302,303,299,316,302,301,295,296,297,284,277,280,280,278,284,293,284,280,276,276,279,280,275,271,271,266,271
4696475005,02107906,03/11/2010,276,271,268,261,264,257,256,255,261,261,271,279,282,289,285,280,272,264,254,252,253,265,274,265,267,276,274,279,278,270,267,260,258,261,265,284,305,299,294,285,286,285,287,281,282,284,279,273
4696475005,02107906,03/10/2010,267,263,263,263,252,251,250,258,252,249,266,267,270,289,288,279,290,296,291,287,285,280,279,285,296,291,286,285,293,290,286,284,281,277,280,284,291,285,290,290,291,287,289,287,280,280,280,282
4696475005,02107906,03/09/2010,277,273,265,263,259,260,252,254,253,259,269,274,268,278,288,286,299,295,294,291,290,293,289,303,298,286,289,295,301,302,290,284,281,275,276,288,302,300,295,286,289,290,285,284,280,279,279,267
4696475005,02107906,03/08/2010,265,262,264,259,255,253,256,251,250,260,273,267,278,278,280,274,288,299,285,271,256,257,279,292,296,285,281,298,297,292,287,287,282,284,281,282,300,293,291,295,294,283,281,281,288,282,278,275
4696475005,02107906,03/07/2010,265,271,260,259,254,257,252,251,249,261,265,265,260,261,269,262,272,279,259,257,254,255,256,264,257,258,264,276,281,268,266,267,263,266,267,282,295,284,280,279,280,280,280,281,284,279,272,265
4696475005,02107906,03/06/2010,267,266,255,256,258,255,250,252,258,255,268,264,259,268,271,265,269,280,270,263,268,266,259,264,259,265,261,276,282,270,270,273,276,271,274,279,289,288,281,283,286,278,278,276,278,274,272,272
4696475005,02107906,03/05/2010,263,265,263,257,255,257,248,247,249,254,257,268,263,275,288,280,281,295,298,290,284,279,276,279,278,277,279,287,295,284,280,278,274,273,274,281,299,295,283,281,286,284,284,284,282,282,267,266
4696475005,02107906,03/04/2010,272,267,266,259,258,262,255,251,252,258,261,269,269,280,290,276,276,293,292,284,280,277,277,285,279,273,280,290,288,281,280,275,277,277,277,285,295,285,279,278,280,273,271,275,271,268,268,272
4696475005,02107906,03/03/2010,271,267,270,260,261,257,261,258,259,258,277,277,275,286,292,285,234,233,287,283,289,285,281,291,281,283,280,292,295,285,277,280,264,281,288,294,295,284,287,284,280,283,283,278,283,279,277,273
4696475005,02107906,03/02/2010,271,271,263,259,259,256,258,254,254,260,272,268,272,282,295,283,293,298,286,274,271,273,279,288,276,286,281,292,295,286,282,284,281,292,292,287,300,284,288,287,288,285,284,272,272,270,277,264
4696475005,02107906,03/01/2010,264,268,264,257,260,255,253,251,253,252,269,271,275,282,286,276,287,294,292,249,242,274,285,292,293,286,288,296,297,288,284,280,279,284,277,286,296,289,289,283,279,283,282,278,276,283,273,270
4696475005,02107906,02/28/2010,266,262,254,256,254,249,248,253,251,251,257,264,259,271,275,263,270,280,265,254,257,257,257,268,271,264,264,275,282,269,262,259,266,263,266,282,292,287,281,278,272,271,275,276,274,271,276,265
4696475005,02107906,02/27/2010,265,266,249,249,251,252,245,246,248,252,262,259,260,270,274,262,268,278,273,267,257,258,263,268,271,258,260,270,281,271,259,260,266,272,269,279,283,280,278,272,274,283,276,274,272,278,271,270
4696475005,02107906,02/26/2010,268,268,263,258,258,255,253,253,260,258,275,267,265,290,292,284,295,298,288,285,281,280,280,289,291,283,282,294,294,281,276,271,279,276,285,288,296,279,282,274,273,277,285,279,277,275,274,270
4696475005,02107906,02/25/2010,274,273,264,265,260,254,257,259,254,256,274,272,273,290,290,275,290,295,294,286,279,287,291,296,292,290,284,291,295,289,274,274,270,284,278,278,298,287,287,287,278,278,284,276,275,276,276,269
4696475005,02107906,02/24/2010,265,263,260,253,250,258,252,251,250,249,265,263,264,277,277,277,229,230,289,291,292,293,288,285,293,288,284,295,293,290,282,269,275,278,279,285,293,293,288,287,280,281,282,283,279,279,279,276
4696475005,02107906,02/23/2010,268,269,259,265,257,256,255,256,252,252,268,263,269,283,286,280,294,297,288,282,282,281,275,289,285,283,274,291,291,286,284,275,281,270,276,277,285,283,282,285,288,287,272,269,268,274,266,267
4696475005,02107906,02/22/2010,272,266,261,257,260,250,250,253,251,255,272,266,273,291,294,282,301,299,269,246,280,283,276,282,285,277,278,294,298,280,276,277,273,288,291,284,293,292,286,284,279,280,278,285,278,278,277,277
4696475005,02107906,02/21/2010,274,263,256,259,259,253,254,258,256,258,269,270,263,267,280,268,271,281,279,269,266,267,261,262,264,261,261,270,278,271,266,267,259,272,280,284,291,284,285,284,274,277,275,279,277,276,274,268
4696475005,02107906,02/20/2010,267,263,255,262,252,249,249,251,250,254,264,263,261,273,280,264,277,278,272,267,262,259,258,269,260,264,262,280,279,272,271,261,260,278,276,275,295,296,287,288,278,278,279,276,281,275,275,271
4696475005,02107906,02/19/2010,276,272,270,263,259,266,257,256,253,260,274,278,275,290,294,225,236,242,233,221,222,222,230,239,303,284,291,297,298,282,278,278,271,286,273,283,300,291,283,280,275,274,275,282,276,279,276,278
4696475005,02107906,02/18/2010,275,270,265,269,260,258,259,258,259,255,278,267,275,280,294,300,298,314,301,298,308,288,291,306,306,295,302,301,311,301,291,273,272,278,288,293,299,288,289,287,286,279,280,277,285,281,276,271
4696475005,02107906,02/17/2010,275,269,263,265,267,261,259,256,257,264,275,277,275,295,294,291,215,243,294,298,295,286,287,295,300,295,287,302,299,290,280,278,290,289,283,292,299,294,294,293,290,284,285,287,284,284,285,277
4696475005,02107906,02/16/2010,276,270,267,270,263,262,265,262,261,262,274,278,261,236,240,231,237,248,242,239,233,229,225,231,240,239,239,243,237,233,232,222,221,227,229,240,261,268,288,272,274,290,280,277,279,272,272,270
4696475005,02107906,02/15/2010,274,278,268,261,260,261,264,258,258,264,279,272,274,282,278,272,274,281,281,275,272,266,268,278,282,280,278,279,282,274,274,269,266,283,281,291,301,295,295,294,284,284,287,286,286,277,283,285
4696475005,02107906,02/14/2010,272,267,257,259,260,258,254,256,259,255,268,269,270,274,280,268,275,287,281,276,275,268,270,274,282,273,268,280,284,277,275,273,273,276,278,285,299,287,285,286,283,280,280,279,286,283,277,278
4696475005,02107906,02/13/2010,271,268,261,257,261,254,256,259,252,255,267,273,263,273,283,272,275,279,275,276,274,276,276,284,279,271,272,286,288,277,276,272,269,279,281,289,299,289,284,285,283,279,278,281,285,280,275,272
4696475005,02107906,02/12/2010,277,274,272,272,262,262,260,265,260,265,275,270,282,276,283,275,284,295,288,285,284,283,271,285,290,277,279,281,295,287,281,273,271,285,285,287,300,292,288,284,281,280,284,284,281,283,280,270
4696475005,02107906,02/11/2010,276,277,270,268,265,265,260,257,262,260,272,277,269,280,274,271,278,286,280,275,272,277,271,284,280,272,272,279,293,283,280,280,281,286,286,289,301,289,287,285,284,280,280,278,283,281,283,281
4696475005,02107906,02/10/2010,267,266,264,263,258,266,261,259,258,266,270,271,272,273,282,278,213,222,285,285,281,272,273,282,284,281,277,289,294,285,282,272,279,291,290,297,303,289,291,283,283,282,289,279,282,286,280,274
4696475005,02107906,02/09/2010,278,272,267,271,264,264,265,266,261,265,275,281,280,290,297,291,289,296,293,284,281,283,283,281,278,278,273,289,288,281,271,275,278,281,280,283,291,284,289,279,281,284,280,284,275,272,277,269
4696475005,02107906,02/08/2010,277,277,272,272,265,262,263,263,257,259,273,277,271,282,287,282,292,294,292,284,273,276,274,285,290,280,284,288,294,283,273,277,273,278,287,291,303,292,298,298,288,287,287,293,289,287,288,285
4696475005,02107906,02/07/2010,268,264,262,266,258,259,263,255,256,266,273,267,268,284,287,280,280,294,295,281,270,266,266,272,278,273,273,278,290,280,271,269,263,283,285,288,302,301,292,294,288,284,287,286,285,291,286,276
4696475005,02107906,02/06/2010,269,268,261,263,256,257,263,261,255,261,272,271,265,280,282,279,282,295,298,285,286,287,287,294,292,290,281,295,302,292,290,289,290,296,295,297,299,288,289,280,280,286,284,286,289,285,280,273
4696475005,02107906,02/05/2010,277,273,268,268,265,261,259,258,265,263,277,280,280,287,298,290,302,306,299,292,295,293,284,289,291,287,280,286,295,286,279,284,275,287,282,289,300,300,294,295,287,284,284,284,287,283,279,280
4696475005,02107906,02/04/2010,279,277,274,274,271,266,266,264,268,262,278,281,282,295,311,294,297,308,314,304,300,301,302,304,303,289,285,300,301,303,291,292,285,295,297,306,307,299,295,294,287,285,284,289,288,287,284,289
4696475005,02107906,02/03/2010,276,272,272,270,265,263,262,267,261,262,273,279,274,286,295,287,223,232,288,291,288,292,294,289,294,298,294,294,298,304,309,295,295,297,294,301,304,303,297,295,294,296,298,297,293,290,284,287
4696475005,02107906,02/02/2010,278,281,271,271,271,268,271,264,265,269,281,280,281,300,303,294,300,306,305,300,298,288,290,296,300,295,304,305,308,297,292,293,293,299,291,299,309,307,299,297,298,297,290,284,292,283,279,282
4696475005,02107906,02/01/2010,268,273,266,262,261,262,261,257,258,265,280,272,280,291,304,288,294,303,293,300,290,293,293,306,302,292,289,310,306,299,292,288,287,289,290,300,308,301,297,297,288,287,291,291,289,288,289,279
4696475005,02107906,01/31/2010,272,269,272,262,261,264,262,257,258,261,275,270,270,276,287,273,273,290,287,279,277,268,272,281,280,269,268,273,281,274,273,265,261,273,280,295,295,286,287,283,279,282,284,287,281,280,284,272
4696475005,02107906,01/30/2010,274,272,263,261,260,262,260,258,264,260,277,271,272,276,293,280,284,294,289,281,269,267,267,284,278,276,269,288,291,280,273,282,285,281,287,296,295,288,291,284,282,284,290,285,281,286,282,274
4696475005,02107906,01/29/2010,273,273,273,265,262,262,263,259,259,261,276,277,278,291,304,295,299,303,294,295,290,289,290,300,293,298,290,298,303,295,277,275,272,291,296,300,299,294,288,289,288,284,286,284,290,287,281,276
4696475005,02107906,01/28/2010,288,276,272,272,271,266,262,261,261,263,274,280,281,296,304,295,304,304,294,297,297,296,297,291,302,295,288,293,305,295,290,290,283,293,295,306,311,295,295,290,287,288,289,291,286,286,289,277
4696475005,02107906,01/27/2010,269,266,262,265,262,261,260,260,264,261,273,275,272,285,293,289,237,237,292,287,287,284,282,294,302,302,291,301,295,280,281,284,283,294,294,297,309,302,298,298,300,294,290,293,292,288,288,283
4696475005,02107906,01/26/2010,277,275,268,269,262,261,259,264,260,260,275,278,279,295,306,290,299,308,298,288,285,282,284,287,308,310,294,307,304,295,288,288,286,284,298,301,303,291,295,295,285,287,282,282,279,276,271,273
4696475005,02107906,01/25/2010,282,270,265,264,267,262,259,264,261,262,280,279,287,297,304,295,299,307,302,310,310,317,303,305,313,303,311,316,313,298,293,296,279,287,296,307,307,286,294,288,280,283,287,289,286,284,288,284
4696475005,02107906,01/24/2010,277,266,263,260,263,255,254,259,254,258,272,281,283,277,284,282,290,299,287,280,268,265,277,277,269,272,275,290,290,280,276,271,279,282,290,301,307,298,291,289,291,288,285,284,286,287,282,279
4696475005,02107906,01/23/2010,272,267,260,259,260,254,254,255,259,256,265,274,272,270,273,267,282,285,274,269,271,264,259,269,264,263,261,283,287,279,266,267,277,274,293,301,297,282,287,288,284,279,278,280,282,275,278,271
4696475005,02107906,01/22/2010,270,267,265,269,260,260,261,265,257,262,279,281,288,297,302,293,315,314,300,302,308,295,303,313,310,296,294,303,302,291,283,280,285,295,287,303,307,301,298,290,291,286,283,285,290,283,277,272
4696475005,02107906,01/21/2010,277,274,273,268,264,263,264,261,263,265,278,280,284,300,305,288,306,307,299,299,303,301,299,301,297,294,296,302,298,291,288,288,288,292,297,306,301,290,293,294,288,282,283,281,291,283,280,279
4696475005,02107906,01/20/2010,261,262,264,256,258,259,262,257,253,254,278,283,283,297,307,296,242,251,299,293,287,285,286,289,289,294,287,303,304,293,290,288,286,299,298,312,305,292,295,293,286,284,290,287,285,286,288,277
4696475005,02107906,01/19/2010,265,262,254,254,252,254,255,251,257,254,274,281,280,290,307,295,305,307,302,293,294,291,294,307,311,298,297,307,308,296,293,286,275,287,295,302,307,299,296,295,297,298,294,291,283,277,275,272
4696475005,02107906,01/18/2010,268,265,269,263,262,258,260,260,255,257,271,277,276,283,293,289,280,286,279,275,276,277,271,285,281,280,278,282,284,281,277,274,278,282,295,305,302,286,292,293,288,289,290,280,280,279,277,272
4696475005,02107906,01/17/2010,271,268,264,258,254,254,259,252,252,257,271,268,256,276,277,289,276,286,281,281,270,269,269,274,271,288,278,283,282,280,282,270,273,283,288,294,293,284,289,286,287,287,287,278,277,278,275,271
4696475005,02107906,01/16/2010,272,267,266,255,254,253,257,250,252,255,270,277,276,275,288,277,284,282,275,263,260,261,259,264,268,266,264,273,275,275,276,276,272,277,288,293,295,288,289,289,288,289,290,283,276,276,282,272
4696475005,02107906,01/15/2010,270,271,265,261,262,261,256,254,255,266,275,277,280,296,316,321,312,311,306,299,297,290,294,309,306,303,300,302,305,282,278,278,285,283,290,294,290,284,286,285,289,290,289,280,280,281,281,276
4696475005,02107906,01/14/2010,280,281,268,267,267,268,264,263,263,270,279,282,287,300,306,312,316,318,308,314,317,308,308,307,305,309,305,304,301,289,288,279,277,293,294,307,307,292,293,292,294,295,290,287,291,289,282,277
4696475005,02107906,01/13/2010,276,271,277,267,266,268,271,264,264,268,286,292,290,300,304,302,244,251,312,307,304,300,307,312,307,301,308,305,298,294,294,290,275,293,299,309,309,298,299,300,300,299,298,291,291,298,288,284
4696475005,02107906,01/12/2010,276,267,264,260,259,262,259,257,259,267,275,275,272,296,305,294,301,312,303,296,302,299,297,294,311,299,310,309,312,299,294,295,289,292,295,301,296,294,294,294,296,295,291,284,283,284,286,277
4696475005,02107906,01/11/2010,268,262,262,262,254,252,249,259,249,255,270,269,272,289,295,296,296,289,289,292,301,296,296,298,304,304,297,299,303,292,284,277,279,293,302,304,298,284,290,290,289,282,281,281,285,281,276,276
4696475005,02107906,01/10/2010,272,265,265,269,265,265,265,265,265,267,272,273,271,280,278,277,276,280,279,268,266,268,268,268,276,283,274,274,283,273,270,273,267,277,292,292,298,289,287,286,287,286,280,277,277,285,279,272
4696475005,02107906,01/09/2010,271,269,258,256,257,261,253,251,253,260,274,269,275,276,287,283,283,282,280,277,261,266,262,277,275,269,265,281,285,270,273,267,260,280,288,298,302,292,292,290,281,280,283,287,280,280,285,276
4696475005,02107906,01/08/2010,268,260,257,261,257,255,257,261,254,259,276,274,289,277,296,286,297,299,294,288,278,276,273,279,297,299,285,291,301,287,280,277,276,289,298,307,301,293,282,282,284,285,284,278,277,284,274,272
4696475005,02107906,01/07/2010,264,259,255,258,255,252,252,249,253,252,267,267,279,279,298,288,293,293,297,297,296,296,292,293,290,289,276,280,289,294,284,280,267,287,295,303,303,292,285,287,280,276,276,280,277,275,273,276
4696475005,02107906,01/06/2010,246,243,244,239,240,241,237,239,236,240,258,256,260,274,289,281,294,294,273,269,283,277,287,284,294,308,302,302,296,283,276,272,272,291,300,301,293,278,281,281,282,282,274,273,278,273,270,272
4696475005,02107906,01/05/2010,250,246,243,241,238,237,234,233,231,237,249,252,257,275,276,288,295,292,289,296,286,280,281,282,282,276,274,284,277,277,270,269,263,268,279,287,285,272,264,267,266,265,261,258,258,258,256,251
4696475005,02107906,01/04/2010,259,259,252,251,250,249,249,249,251,253,267,266,270,288,295,287,284,291,280,266,261,262,266,285,283,278,272,277,290,277,266,263,260,279,280,281,279,256,260,260,260,260,262,263,259,259,263,255
4696475005,02107906,01/03/2010,261,259,252,251,249,249,246,249,246,248,260,261,261,272,280,266,272,276,262,257,264,260,262,276,274,261,266,267,272,258,255,253,252,274,282,289,282,261,263,262,264,266,265,272,270,268,265,263
4696475005,02107906,01/02/2010,261,258,258,254,253,253,252,252,250,250,261,268,257,275,277,266,265,271,262,251,258,251,255,274,271,258,259,268,272,255,254,253,251,272,280,288,282,264,267,264,265,267,270,269,271,268,266,263
4696475005,02107906,01/01/2010,263,258,255,253,249,248,247,245,246,251,256,258,257,274,272,266,279,277,264,253,258,259,261,267,272,258,258,270,273,250,251,252,260,274,283,285,283,262,264,266,269,270,272,272,271,272,272,267
4696475005,02107906,12/31/2009,261,259,253,249,246,249,247,248,249,245,264,261,267,282,286,286,299,291,283,284,281,284,275,293,290,283,276,287,286,282,275,270,266,287,291,293,293,269,273,272,275,275,276,274,273,274,273,268
4696475005,02107906,12/30/2009,262,261,259,254,256,255,255,254,254,257,270,269,270,278,299,305,237,228,276,287,288,284,277,296,293,282,277,289,290,276,272,267,268,280,288,294,296,272,273,272,273,274,275,272,272,275,272,267
4696475005,02107906,12/29/2009,266,261,261,257,256,256,252,252,251,251,266,268,264,271,292,284,294,294,280,280,282,277,276,287,295,277,277,284,287,274,270,265,265,286,286,301,296,268,272,271,275,279,273,269,265,265,264,261
4696475005,02107906,12/28/2009,266,258,255,247,245,243,248,244,243,242,255,259,263,269,289,277,280,292,280,278,276,272,274,288,286,269,279,281,284,274,265,264,259,281,286,289,287,269,273,273,275,274,279,274,273,272,270,268
4696475005,02107906,12/27/2009,259,258,248,248,241,240,243,241,240,241,254,254,261,258,275,261,268,275,264,259,255,255,260,273,264,255,251,270,275,257,256,253,259,274,281,278,288,267,263,268,268,269,272,270,272,268,268,267
4696475005,02107906,12/26/2009,261,259,255,247,248,249,249,243,244,249,255,259,258,271,274,273,273,274,259,252,253,263,261,272,271,256,258,267,278,254,259,261,259,278,285,277,287,267,267,266,266,270,269,272,269,271,267,263
4696475005,02107906,12/25/2009,265,266,262,262,260,256,258,251,252,252,261,267,261,273,277,281,272,286,270,265,266,264,269,278,277,261,266,272,278,277,265,264,263,284,290,289,291,266,268,269,268,270,271,271,269,265,267,260
4696475005,02107906,12/24/2009,269,267,261,261,260,258,253,255,257,257,264,271,264,272,283,273,278,282,266,268,267,265,271,281,279,263,268,275,264,258,259,262,256,283,288,288,291,278,275,276,278,279,279,278,278,276,275,273
4696475005,02107906,12/23/2009,253,251,250,249,249,246,245,244,243,245,255,261,264,284,286,280,224,225,283,289,286,283,285,296,286,275,275,291,286,269,267,264,260,285,289,289,286,268,274,278,280,281,280,279,278,277,276,273
4696475005,02107906,12/22/2009,261,260,251,251,247,246,246,246,246,245,251,257,262,271,287,273,284,283,257,275,275,276,286,296,289,287,276,305,308,293,277,272,272,281,282,290,288,270,271,271,272,273,272,264,262,259,258,257
4696475005,02107906,12/21/2009,268,265,262,261,258,254,255,256,255,258,270,272,271,280,281,288,289,300,291,296,291,286,288,294,291,285,285,291,292,296,278,279,277,282,289,283,291,280,273,273,272,275,277,275,277,275,271,270
4696475005,02107906,12/20/2009,263,259,256,260,252,249,246,249,248,251,265,282,266,275,295,288,295,288,280,267,266,278,284,289,285,280,276,294,296,283,280,270,281,290,294,297,300,279,276,274,275,276,277,277,275,275,270,272
4696475005,02107906,12/19/2009,269,265,264,261,263,256,258,259,273,274,275,274,276,277,298,283,298,293,285,279,284,284,283,292,289,293,285,294,292,275,274,277,277,287,294,307,307,291,286,281,275,279,272,271,278,276,267,270
4696475005,02107906,12/18/2009,275,272,262,264,262,260,263,257,260,256,279,276,275,288,301,293,312,310,298,297,289,291,289,308,297,286,289,308,289,280,276,279,281,297,294,310,314,291,278,278,278,276,279,285,280,282,273,277
4696475005,02107906,12/17/2009,268,268,259,260,254,252,242,245,239,241,262,261,270,268,290,278,290,293,289,292,292,302,301,301,308,296,283,303,309,297,284,273,278,294,297,295,308,294,289,280,288,284,291,286,282,284,281,280
4696475005,02107906,12/16/2009,262,265,258,253,256,251,249,252,249,258,278,267,268,289,297,283,244,242,278,294,291,290,296,296,296,278,277,295,298,278,277,272,266,291,297,304,305,285,276,278,282,285,284,283,280,283,279,279
4696475005,02107906,12/15/2009,274,273,271,264,263,263,267,262,262,266,285,277,278,296,298,288,304,313,287,282,290,283,282,301,296,291,288,301,299,298,285,293,288,307,300,314,309,284,287,290,289,279,268,266,270,265,262,263
4696475005,02107906,12/14/2009,272,267,264,265,262,258,260,259,257,263,276,274,276,299,297,293,299,307,293,296,297,307,313,318,308,290,288,309,311,311,279,276,281,295,294,302,301,289,284,279,286,282,289,287,286,284,282,277
4696475005,02107906,12/13/2009,276,273,263,261,261,260,261,260,258,262,269,268,274,282,281,284,288,297,290,284,283,279,282,287,295,289,285,291,293,280,284,281,281,300,305,292,301,292,285,284,282,287,287,287,286,284,283,278
4696475005,02107906,12/12/2009,269,265,262,260,259,257,255,253,252,256,265,270,269,283,289,282,275,290,279,272,271,267,275,284,278,274,267,287,281,268,270,270,282,294,304,302,308,284,288,288,289,290,286,288,286,286,284,282
4696475005,02107906,12/11/2009,278,274,273,272,269,269,263,263,262,261,273,279,284,291,293,291,307,302,293,295,307,284,291,297,302,298,300,302,300,282,282,280,275,295,303,300,301,287,283,279,281,282,288,289,286,288,280,275
4696475005,02107906,12/10/2009,280,277,276,272,268,265,267,261,259,266,279,283,282,297,237,208,206,202,194,259,294,298,298,300,303,298,295,304,307,284,284,285,286,301,307,311,300,285,285,286,287,288,292,292,290,286,285,282
4696475005,02107906,12/09/2009,272,265,264,262,261,261,264,261,256,260,275,277,276,296,304,309,238,254,288,298,297,297,300,298,306,296,290,301,301,294,287,286,285,301,307,307,309,287,290,295,292,295,295,294,293,289,288,287
4696475005,02107906,12/08/2009,278,273,272,270,265,263,261,261,262,265,274,281,283,295,296,293,294,303,291,293,294,290,296,301,297,294,290,303,300,289,296,293,288,307,303,306,305,291,290,287,288,294,286,286,284,279,272,272
4696475005,02107906,12/07/2009,279,274,270,266,264,264,266,260,258,259,273,279,276,291,299,294,292,306,295,302,294,291,295,298,303,295,291,300,293,281,282,280,281,293,302,295,298,284,286,284,281,281,283,284,284,282,279,277
4696475005,02107906,12/06/2009,275,272,267,263,261,258,256,253,252,259,263,270,269,280,292,282,279,288,278,274,270,266,266,269,269,266,271,278,279,269,268,267,270,285,297,299,289,277,282,285,285,286,288,287,288,287,284,283
4696475005,02107906,12/05/2009,281,278,272,264,262,266,267,262,260,264,269,277,279,289,295,282,291,297,293,281,279,284,284,282,287,279,280,291,299,285,283,280,282,301,300,303,298,280,283,286,286,288,291,288,283,283,279,279
4696475005,02107906,12/04/2009,277,277,272,270,270,266,261,259,261,266,268,277,281,295,307,301,310,305,296,293,294,297,298,291,299,289,292,299,310,293,286,293,295,307,304,308,312,285,289,288,284,286,286,288,289,293,287,288
4696475005,02107906,12/03/2009,292,291,284,281,280,280,279,278,275,280,288,289,286,297,312,300,312,312,302,310,307,309,310,310,311,307,307,311,314,294,294,288,285,298,304,316,313,289,293,297,297,295,297,297,294,290,289,284
4696475005,02107906,12/02/2009,272,270,271,266,261,259,257,257,257,260,273,281,281,292,298,292,242,246,298,304,312,307,308,314,316,307,308,318,323,308,304,299,301,306,306,313,312,299,292,296,296,295,297,296,297,295,291,293
4696475005,02107906,12/01/2009,281,281,275,265,264,261,260,265,261,260,274,277,278,295,302,290,296,300,291,297,296,296,298,294,305,298,297,305,307,295,286,286,284,297,302,307,306,291,293,290,288,293,282,281,280,276,275,273
4696475005,02107906,11/30/2009,277,278,272,268,267,265,265,264,266,269,272,278,284,296,303,294,303,303,300,301,305,301,300,300,305,300,300,309,313,296,294,287,288,301,302,305,297,283,287,288,289,288,290,288,288,288,283,280
4696475005,02107906,11/29/2009,271,267,261,259,254,253,254,255,255,257,264,265,262,276,283,278,279,286,274,266,275,278,281,284,284,277,285,285,291,276,274,270,272,286,296,304,306,289,285,287,287,285,290,289,284,288,284,283
4696475005,02107906,11/28/2009,274,267,265,265,261,260,258,259,259,261,265,269,271,273,283,280,277,284,270,268,265,271,272,275,279,275,275,287,273,268,269,267,272,287,296,298,299,277,279,281,281,280,282,283,280,278,274,274
4696475005,02107906,11/27/2009,279,278,272,268,265,264,262,262,263,265,274,276,275,283,291,283,286,280,275,272,271,271,274,284,279,279,270,273,288,277,267,267,269,294,295,295,302,303,295,285,283,282,284,283,282,282,279,277
4696475005,02107906,11/26/2009,282,276,274,275,270,267,269,269,267,271,277,280,273,288,299,293,297,296,285,284,288,283,283,289,290,294,287,281,294,297,281,281,280,296,299,304,305,290,292,287,287,289,290,289,290,291,285,286
4696475005,02107906,11/25/2009,275,277,277,274,274,269,272,268,267,270,281,286,285,301,308,306,252,248,300,298,300,299,299,302,311,298,297,306,309,289,284,284,284,299,306,312,315,287,290,289,293,293,293,293,293,294,290,287
4696475005,02107906,11/24/2009,282,279,273,273,273,274,272,240,222,221,226,236,239,255,324,302,314,307,302,297,295,296,308,315,316,310,307,320,319,295,294,295,295,308,309,305,312,309,303,297,297,299,296,293,285,283,279,280
4696475005,02107906,11/23/2009,287,284,282,280,275,272,271,268,271,272,278,280,288,306,313,306,304,318,314,309,311,310,312,308,315,319,304,318,319,302,303,296,296,304,310,312,318,300,293,295,293,295,293,291,291,287,289,288
4696475005,02107906,11/22/2009,276,275,271,266,261,263,261,257,261,263,270,273,274,279,291,293,277,290,280,272,280,285,284,283,286,284,278,287,294,295,290,288,284,299,301,302,308,292,288,288,288,289,295,292,292,290,289,287
4696475005,02107906,11/21/2009,274,275,272,266,262,261,260,257,257,263,264,271,272,284,290,287,283,292,286,276,273,277,279,275,279,280,279,287,289,282,280,279,283,295,295,306,308,297,285,288,287,288,288,290,289,284,282,281
4696475005,02107906,11/20/2009,286,282,278,277,277,272,274,271,272,278,284,286,287,305,311,307,307,314,301,304,300,303,303,302,311,294,299,310,302,288,289,289,296,297,300,314,312,287,287,286,286,289,290,288,288,285,280,280
4696475005,02107906,11/19/2009,287,282,282,278,278,274,276,272,273,276,286,292,296,300,315,310,306,320,312,309,320,321,316,318,330,316,312,323,325,311,309,308,311,322,319,325,328,318,303,307,306,306,304,305,304,303,299,293
4696475005,02107906,11/18/2009,277,277,274,270,271,265,268,265,263,276,282,283,291,306,312,300,243,254,303,299,301,317,314,312,314,304,298,307,313,298,297,296,301,305,314,312,315,299,298,298,297,299,298,300,298,299,296,293
4696475005,02107906,11/17/2009,285,284,279,274,274,269,270,267,270,273,283,281,283,301,310,302,306,312,305,298,294,292,297,303,306,304,303,312,312,296,299,295,289,299,308,309,316,292,288,279,281,281,280,280,280,276,280,280
4696475005,02107906,11/16/2009,280,277,272,267,269,265,265,265,266,264,274,277,280,298,299,291,301,313,307,307,307,310,316,319,325,319,311,309,312,296,300,296,286,293,313,319,324,295,302,302,299,296,294,297,298,294,292,289
4696475005,02107906,11/15/2009,272,272,262,263,261,259,256,258,260,262,266,279,270,281,284,275,273,284,282,266,266,271,269,277,278,275,276,279,289,279,277,276,277,279,288,295,300,296,293,292,292,293,293,294,292,291,292,286
4696475005,02107906,11/14/2009,286,279,272,269,268,269,269,267,263,266,281,280,276,288,288,289,282,285,284,272,275,274,278,281,280,280,280,282,302,284,277,283,282,285,290,295,303,307,293,290,289,289,290,288,287,286,284,280
4696475005,02107906,11/13/2009,280,281,279,277,270,269,268,270,271,273,276,284,287,302,309,306,312,306,296,298,296,297,311,308,309,304,303,305,309,295,296,295,291,286,298,301,303,306,305,290,292,293,300,300,294,295,286,288
4696475005,02107906,11/12/2009,281,281,276,276,270,265,267,266,267,269,282,283,285,302,310,309,316,318,308,308,308,302,302,310,302,298,295,309,310,298,295,296,294,293,297,299,313,301,297,295,295,295,292,294,293,293,288,285
4696475005,02107906,11/11/2009,282,281,274,273,269,269,268,272,265,275,284,285,287,306,310,308,241,246,299,298,298,300,299,307,313,310,305,310,308,295,298,295,293,294,300,302,305,290,287,289,288,290,291,288,290,291,287,284
4696475005,02107906,11/10/2009,292,288,282,278,277,277,278,276,274,279,288,294,296,317,316,308,319,321,311,318,319,324,334,333,337,330,327,332,331,324,305,303,302,303,313,320,317,304,297,297,297,300,298,289,288,285,284,284
4696475005,02107906,11/09/2009,289,290,286,281,277,276,276,274,273,277,288,286,291,306,309,306,318,319,312,312,313,313,319,319,313,308,309,321,318,301,304,302,301,303,307,314,329,315,312,311,307,310,305,305,305,301,303,296
4696475005,02107906,11/08/2009,281,275,275,270,269,270,266,266,265,265,274,277,274,282,283,287,278,276,287,286,283,285,283,282,286,286,284,298,291,284,286,282,283,288,295,306,314,296,300,301,300,299,301,299,300,299,295,292
4696475005,02107906,11/07/2009,274,276,269,263,262,259,258,257,260,261,271,276,274,286,284,275,277,277,271,277,280,283,280,282,280,278,278,293,292,279,279,281,279,280,293,305,309,285,283,283,288,288,287,290,291,288,287,287
4696475005,02107906,11/06/2009,285,284,281,273,270,272,269,270,272,278,286,286,288,306,303,304,311,311,293,294,296,298,293,310,307,304,298,294,297,285,284,283,281,281,290,305,304,287,284,283,289,287,289,293,290,291,284,280
4696475005,02107906,11/05/2009,291,285,283,280,275,273,272,271,270,273,279,281,289,299,306,307,306,305,305,309,310,311,314,312,316,316,308,316,318,308,306,299,298,300,307,310,321,305,301,299,299,299,297,295,297,296,294,289
4696475005,02107906,11/04/2009,283,284,281,275,272,272,271,271,267,270,283,287,287,292,307,304,248,255,295,294,296,307,316,315,313,306,312,312,313,303,300,302,299,300,300,309,316,309,300,303,301,304,304,304,303,301,297,294
4696475005,02107906,11/03/2009,291,289,278,277,274,272,276,273,271,273,287,289,286,304,310,300,308,317,307,309,303,301,313,311,318,310,310,318,325,311,304,304,301,301,306,318,325,301,305,305,304,304,300,299,291,287,286,282
4696475005,02107906,11/02/2009,281,277,277,278,271,271,269,269,269,272,283,287,288,302,302,299,304,314,311,310,310,306,304,306,315,303,296,310,316,299,296,304,297,295,304,313,318,300,299,300,298,301,302,299,298,299,296,293
4696475005,02107906,11/01/2009,276,268,267,267,260,260,257,261,261,262,271,275,275,277,291,290,284,295,296,286,279,282,284,285,286,278,275,286,296,284,280,279,280,284,291,298,302,302,295,293,291,290,292,295,293,293,295,287
4696475005,02107906,10/31/2009,283,278,275,274,274,269,267,266,266,268,284,283,284,298,306,293,292,304,304,296,292,292,295,298,304,295,286,302,299,291,295,295,295,296,303,305,314,311,304,302,304,305,303,299,295,295,289,284
4696475005,02107906,10/30/2009,296,295,289,285,284,277,274,271,273,274,287,288,289,314,315,317,318,313,307,301,306,302,301,310,312,303,306,301,309,304,292,290,286,285,287,298,305,314,304,293,295,299,299,301,298,297,293,289
4696475005,02107906,10/29/2009,295,295,285,279,276,272,273,274,272,272,285,288,288,305,317,318,318,322,310,307,305,307,307,310,316,312,311,315,320,300,300,300,297,295,307,314,313,306,306,301,303,300,303,304,300,302,298,298
4696475005,02107906,10/28/2009,285,283,278,276,274,277,272,272,272,274,287,290,294,314,321,317,262,269,312,315,312,318,318,321,330,318,307,310,320,302,310,306,298,295,303,301,312,304,301,298,297,300,300,298,299,300,297,295
4696475005,02107906,10/27/2009,284,286,278,274,276,274,272,274,273,272,288,290,288,302,315,313,315,322,309,310,302,305,307,307,315,310,302,308,314,301,305,306,303,302,304,313,317,303,307,303,302,303,301,296,291,292,284,285
4696475005,02107906,10/26/2009,276,278,270,264,263,260,260,261,260,259,273,277,275,295,303,305,313,312,301,299,301,297,294,311,316,310,303,310,311,296,294,297,290,287,286,296,313,313,301,300,299,300,298,295,299,296,292,286
4696475005,02107906,10/25/2009,290,287,277,275,271,270,263,265,262,262,274,279,280,285,293,295,285,284,284,285,280,282,281,278,284,284,276,292,295,281,281,279,279,277,282,295,298,301,294,288,291,288,290,289,290,289,289,285
4696475005,02107906,10/24/2009,282,285,278,278,275,272,273,276,271,271,277,289,290,293,304,303,296,298,296,306,308,300,299,303,306,306,299,304,311,313,315,311,306,306,304,307,318,319,314,303,304,309,300,295,293,295,291,292
4696475005,02107906,10/23/2009,283,282,275,275,273,271,271,268,269,272,285,285,287,298,313,317,312,319,301,303,298,302,305,318,319,306,306,309,313,310,292,289,288,289,303,302,307,307,297,294,295,294,295,297,296,293,291,286
4696475005,02107906,10/22/2009,281,281,275,272,271,270,270,270,271,271,284,287,288,302,314,319,314,307,308,300,300,299,307,310,316,305,307,310,312,311,298,300,295,290,294,299,310,309,299,295,296,297,297,298,295,294,294,290
4696475005,02107906,10/21/2009,276,278,278,275,271,270,265,267,264,268,284,282,284,294,308,311,254,249,294,301,305,309,310,317,315,302,301,307,316,302,295,297,299,292,296,299,306,311,299,294,297,298,302,302,297,291,290,284
4696475005,02107906,10/20/2009,279,277,274,268,265,262,263,261,263,264,269,275,272,289,303,299,304,311,295,299,307,303,297,302,310,304,299,303,307,301,294,292,292,287,287,296,302,306,295,290,289,291,288,289,285,288,279,279
4696475005,02107906,10/19/2009,277,278,272,268,260,259,259,256,259,263,267,276,279,290,295,296,304,305,295,297,298,296,296,301,303,293,292,295,301,289,286,290,288,283,284,287,295,288,295,292,291,294,293,294,293,289,284,279
4696475005,02107906,10/18/2009,264,264,260,255,251,250,249,253,251,249,260,260,260,275,279,275,279,274,265,264,264,262,271,271,279,275,274,276,280,277,272,273,273,274,273,276,292,294,289,285,285,285,289,287,285,288,284,277
4696475005,02107906,10/17/2009,269,266,263,259,259,254,253,254,254,258,261,262,267,270,274,278,275,276,273,274,273,273,273,274,282,281,272,275,284,278,274,274,274,274,279,287,293,289,287,284,286,287,284,282,275,275,275,270
4696475005,02107906,10/16/2009,282,280,280,273,271,271,270,267,265,270,280,284,278,296,307,302,302,302,299,296,303,302,298,307,306,301,298,302,310,294,284,283,281,281,286,288,296,302,292,280,280,288,288,285,283,284,280,273
4696475005,02107906,10/15/2009,288,288,280,278,277,276,273,271,272,277,285,292,291,306,314,312,310,327,310,313,318,311,314,319,318,307,312,315,318,300,296,295,295,295,298,300,312,310,299,293,296,296,295,294,295,292,290,287
4696475005,02107906,10/14/2009,286,285,282,278,281,279,277,274,271,275,286,292,293,298,298,305,248,252,305,306,307,313,310,311,317,318,307,314,322,303,301,300,298,291,295,301,312,307,298,295,296,295,298,295,297,294,292,292
4696475005,02107906,10/13/2009,275,273,270,267,267,263,263,262,260,267,271,277,280,303,307,298,307,304,309,313,308,312,308,319,313,318,310,323,322,314,306,303,298,294,293,292,299,309,316,308,310,307,296,296,292,292,290,284
4696475005,02107906,10/12/2009,286,283,278,275,268,268,267,268,269,271,276,273,272,284,290,285,282,292,296,280,280,284,281,292,288,282,286,285,296,284,277,275,274,273,275,280,290,287,287,285,289,289,290,289,289,287,285,283
4696475005,02107906,10/11/2009,286,282,275,268,265,266,262,262,259,259,263,272,267,280,286,285,275,290,286,272,278,280,278,291,291,291,290,295,300,284,280,281,278,275,277,281,299,293,293,292,294,297,295,295,294,291,290,288
4696475005,02107906,10/10/2009,310,310,304,302,291,291,288,286,289,289,294,297,297,318,312,316,310,328,307,302,293,290,284,295,295,294,296,303,306,300,287,286,285,283,283,287,293,294,295,291,293,292,294,293,292,293,289,287
4696475005,02107906,10/09/2009,285,279,280,277,276,273,267,271,267,270,279,282,287,296,306,297,303,314,307,303,302,310,306,316,318,314,318,323,332,321,317,315,311,308,307,313,321,322,317,313,316,321,322,323,317,316,313,312
4696475005,02107906,10/08/2009,281,280,274,259,261,260,260,259,261,267,276,271,271,288,280,295,296,287,277,300,304,300,300,301,307,315,303,304,305,307,295,291,290,289,288,287,291,295,303,297,299,299,299,303,300,295,295,290
4696475005,02107906,10/07/2009,229,229,225,222,219,218,218,217,215,219,227,231,235,247,249,256,273,267,307,313,316,324,312,321,325,319,310,320,327,313,308,301,290,285,281,285,294,311,301,295,294,292,292,292,292,291,289,285
4696475005,02107906,10/06/2009,291,291,282,274,276,274,274,274,272,276,288,281,284,305,309,302,299,312,306,301,310,311,311,314,319,311,311,315,315,311,320,320,307,306,307,314,326,324,310,310,312,314,312,308,303,299,293,288
4696475005,02107906,10/05/2009,285,284,281,274,272,267,268,267,269,273,277,278,280,291,297,295,301,312,303,303,308,303,312,318,322,316,309,311,319,316,300,301,296,292,293,292,306,299,300,300,310,310,306,305,303,301,300,298
4696475005,02107906,10/04/2009,288,285,283,279,273,270,269,265,265,265,272,281,273,288,295,283,277,294,303,292,290,293,282,293,292,293,286,295,301,290,289,287,288,293,292,300,301,298,290,289,295,301,301,301,302,298,295,292
4696475005,02107906,10/03/2009,285,287,282,279,277,271,269,269,271,272,272,284,285,298,308,303,307,310,295,285,284,287,293,303,301,301,313,306,317,304,299,298,301,298,295,297,308,308,301,302,302,300,302,299,293,300,296,288
4696475005,02107906,10/02/2009,292,293,284,277,279,278,278,276,277,280,285,285,290,307,309,307,310,319,325,318,319,320,320,324,326,318,316,316,328,311,306,303,303,304,300,302,315,315,305,301,306,306,312,313,310,307,299,291
4696475005,02107906,10/01/2009,301,298,287,283,281,278,280,273,281,277,282,287,294,303,300,301,305,315,311,306,306,312,312,318,320,318,322,323,324,313,302,300,303,303,301,299,306,295,304,302,306,305,304,302,301,299,297,294
4696475005,02107906,09/30/2009,287,286,284,285,283,280,281,277,276,283,287,292,292,310,317,313,258,274,321,315,323,323,321,329,330,320,318,322,328,317,310,318,315,308,307,307,315,308,311,307,311,308,311,306,308,305,302,300
4696475005,02107906,09/29/2009,294,288,282,279,276,273,272,273,274,272,278,286,290,308,317,313,310,318,317,316,309,314,319,324,325,316,315,317,324,311,306,305,303,306,305,305,306,304,309,307,314,314,308,298,293,291,289,284
4696475005,02107906,09/28/2009,295,291,288,286,285,283,280,279,278,281,289,292,290,310,304,307,308,318,321,318,311,318,312,322,320,331,325,328,335,329,321,320,316,327,322,315,317,310,306,303,305,306,303,302,302,299,298,298
4696475005,02107906,09/27/2009,301,301,295,290,292,288,286,286,280,281,288,295,295,296,309,311,304,316,311,299,299,306,307,308,310,310,317,320,313,311,314,317,309,316,315,316,313,301,313,307,306,308,306,307,302,302,298,296
4696475005,02107906,09/26/2009,300,301,294,287,289,285,284,282,281,283,292,292,293,305,311,302,299,297,302,297,293,291,294,303,295,303,294,305,302,295,300,297,299,306,309,312,324,318,312,306,308,309,310,312,311,310,306,302
4696475005,02107906,09/25/2009,298,299,296,289,287,288,285,286,289,294,295,299,301,313,322,316,317,321,315,314,317,315,313,318,319,313,308,315,321,306,306,307,303,307,306,318,315,300,306,305,308,314,315,313,312,310,304,301
4696475005,02107906,09/24/2009,302,304,299,290,289,286,286,291,292,295,305,301,308,318,336,324,324,333,335,328,330,333,332,330,335,335,330,336,337,331,323,324,320,325,329,325,328,318,319,320,319,321,326,319,318,317,313,304
4696475005,02107906,09/23/2009,302,298,295,293,291,292,293,288,286,295,303,300,305,324,331,325,270,275,319,326,327,331,329,336,335,334,327,335,338,325,325,330,320,322,329,329,324,314,322,321,323,322,320,322,318,312,312,308
4696475005,02107906,09/22/2009,304,303,298,293,292,290,297,289,285,290,295,301,304,318,322,318,321,324,322,323,328,327,325,327,330,331,328,334,331,326,327,326,324,318,316,320,321,314,320,318,321,323,319,317,311,309,303,304
4696475005,02107906,09/21/2009,290,287,288,285,286,282,277,277,276,278,284,285,286,305,302,310,315,327,315,318,318,329,324,329,336,332,323,320,337,330,320,314,313,314,314,318,313,301,314,315,318,319,322,319,315,316,310,308
4696475005,02107906,09/20/2009,291,290,284,281,278,274,276,272,277,284,280,279,273,289,290,287,297,303,296,294,297,295,296,295,303,306,301,308,305,296,295,296,300,302,305,307,307,295,302,301,308,311,309,309,309,306,302,294
4696475005,02107906,09/19/2009,292,294,289,288,285,283,283,279,274,273,287,287,288,299,301,296,297,304,290,294,293,294,296,296,298,296,297,302,307,297,297,295,294,297,297,303,308,294,303,305,308,310,309,305,306,306,302,300
4696475005,02107906,09/18/2009,300,299,298,290,287,286,286,290,301,298,301,303,308,317,329,321,325,327,330,324,319,318,317,321,329,321,320,327,326,326,317,316,322,320,317,318,323,313,312,310,316,319,317,318,315,314,309,300
4696475005,02107906,09/17/2009,301,304,298,292,289,285,286,287,300,295,301,297,306,317,322,319,324,330,322,324,331,328,323,324,327,319,316,330,322,318,311,312,309,312,307,314,315,306,307,308,310,310,310,312,310,310,305,303
4696475005,02107906,09/16/2009,305,304,302,295,293,289,290,293,290,288,299,300,302,319,325,319,260,260,307,317,323,322,330,326,328,324,321,326,327,322,319,316,317,312,311,319,318,317,313,316,317,323,318,316,315,315,310,307
4696475005,02107906,09/15/2009,299,295,291,290,289,290,283,285,298,290,293,295,295,318,320,310,321,329,323,321,323,325,322,334,338,332,328,338,327,325,321,322,316,322,320,324,324,315,320,323,325,327,319,309,304,306,307,306
4696475005,02107906,09/14/2009,294,291,286,285,288,284,285,285,291,294,302,300,304,320,318,308,320,320,320,320,325,319,328,328,338,332,324,335,332,323,319,315,315,316,310,313,313,304,315,320,318,319,320,316,316,315,312,307
4696475005,02107906,09/13/2009,294,296,287,282,283,279,276,272,279,281,294,297,297,301,308,309,298,304,294,301,300,299,303,307,301,299,302,311,311,301,301,306,303,303,303,311,308,299,299,305,307,310,307,308,306,307,304,300
4696475005,02107906,09/12/2009,294,292,287,283,281,282,278,276,278,276,291,297,289,300,304,305,296,304,294,295,295,293,296,300,305,303,303,313,307,298,302,302,300,306,301,307,299,296,304,307,306,309,310,307,305,304,302,298
4696475005,02107906,09/11/2009,296,291,286,284,281,283,283,277,278,288,289,287,291,298,313,306,318,324,310,311,315,298,315,320,320,319,315,321,315,307,309,307,304,304,303,302,299,294,300,299,302,306,306,307,306,304,299,297
4696475005,02107906,09/10/2009,301,295,292,290,286,288,289,284,289,297,294,291,295,306,317,308,313,321,311,308,309,317,319,318,323,330,328,325,330,316,320,316,311,310,307,314,317,301,302,301,305,307,304,305,305,306,303,299
4696475005,02107906,09/09/2009,292,294,296,294,292,291,289,292,295,292,304,305,303,320,324,319,259,267,316,323,326,331,326,323,330,337,322,332,330,329,321,313,317,315,311,317,317,309,308,310,314,314,309,311,311,311,308,299
4696475005,02107906,09/08/2009,327,329,318,319,311,310,313,312,320,322,323,326,324,338,347,346,351,342,335,318,322,326,321,333,332,326,314,313,319,324,327,310,308,311,307,316,312,303,312,313,316,316,312,311,308,307,296,290
4696475005,02107906,09/07/2009,323,324,329,327,324,323,319,320,317,312,330,320,314,325,332,330,336,333,328,322,330,330,325,335,338,336,336,337,337,330,331,336,339,338,335,338,342,336,340,343,341,342,346,341,342,340,338,332
4696475005,02107906,09/06/2009,314,314,314,312,310,307,305,306,305,307,319,322,319,323,326,326,317,318,313,314,318,320,328,327,329,335,338,333,340,334,335,329,334,328,330,337,335,336,338,343,344,343,348,350,345,342,341,331
4696475005,02107906,09/05/2009,318,315,309,308,306,305,306,304,300,301,312,311,314,324,327,327,319,321,327,323,320,320,323,327,327,331,336,335,330,332,331,332,333,335,342,341,339,336,341,342,342,344,344,336,338,337,335,320
4696475005,02107906,09/04/2009,319,320,316,310,311,310,308,311,319,308,316,314,319,333,336,330,336,341,331,340,340,343,349,344,343,342,340,346,352,340,342,337,334,338,330,334,340,337,333,336,347,348,341,341,336,335,332,325
4696475005,02107906,09/03/2009,328,322,318,316,313,311,314,313,321,315,320,315,318,329,331,325,335,339,335,339,339,338,340,335,341,337,339,346,345,331,336,339,327,330,331,332,331,320,321,327,330,331,330,333,330,329,325,319
4696475005,02107906,09/02/2009,315,312,309,308,305,300,300,307,312,304,307,308,309,329,329,322,283,284,326,331,332,335,338,350,345,346,345,347,348,340,335,338,335,329,334,329,328,316,319,323,329,330,334,331,330,330,324,326
4696475005,02107906,09/01/2009,321,317,309,307,304,303,301,304,309,305,308,310,308,321,325,323,332,336,331,338,337,336,336,336,345,346,341,341,344,334,339,336,330,328,333,331,333,318,315,322,327,324,324,322,320,318,315,316
4696475005,02107906,08/31/2009,318,320,314,307,309,307,306,308,318,317,321,321,323,337,338,336,346,342,333,333,332,335,331,335,335,341,333,342,343,332,331,337,332,335,331,334,337,320,325,328,331,332,330,328,326,324,322,323
4696475005,02107906,08/30/2009,347,343,333,320,320,320,316,314,313,309,317,315,320,326,335,326,323,323,321,318,317,319,324,332,335,335,331,337,337,332,331,333,332,337,335,330,337,331,343,349,342,339,337,333,334,331,332,329
4696475005,02107906,08/29/2009,342,336,328,325,320,317,319,319,323,321,330,332,332,339,357,347,343,344,340,337,341,340,345,349,352,351,347,356,356,350,350,349,355,351,352,356,353,349,351,360,359,358,351,350,345,350,348,345
4696475005,02107906,08/28/2009,347,346,343,339,341,340,337,335,358,352,346,349,351,365,368,372,376,379,370,372,366,372,372,390,380,368,365,376,367,355,359,355,364,361,365,366,366,356,358,356,356,355,358,355,352,351,348,345
4696475005,02107906,08/27/2009,342,343,333,332,330,330,321,328,332,325,333,327,339,341,360,345,358,365,357,361,369,366,365,374,377,374,368,382,382,371,372,364,365,372,368,370,377,362,363,364,362,363,362,362,362,364,358,352
4696475005,02107906,08/26/2009,330,329,326,323,320,319,319,327,333,345,344,335,339,362,357,350,306,311,354,367,366,376,373,390,386,377,372,384,391,378,372,368,365,375,374,376,369,364,361,363,366,365,367,366,365,364,359,349
4696475005,02107906,08/25/2009,334,332,323,318,319,316,314,319,325,320,333,330,331,345,354,347,355,360,343,349,355,349,358,362,363,375,360,368,376,365,356,365,354,357,351,357,359,358,352,350,357,359,359,351,347,343,338,330
4696475005,02107906,08/24/2009,325,318,318,315,310,313,309,314,329,318,329,330,324,334,340,336,349,356,346,349,350,356,361,361,366,362,357,357,367,351,352,352,360,356,360,356,363,347,343,347,352,353,350,348,352,350,348,341
4696475005,02107906,08/23/2009,333,332,329,323,315,315,311,308,312,309,319,323,320,328,331,331,323,328,333,326,327,328,328,332,342,355,353,353,357,344,343,349,347,355,352,353,357,349,338,339,343,345,346,345,344,344,340,336
4696475005,02107906,08/22/2009,337,337,332,331,333,326,325,330,329,324,331,337,336,349,359,347,344,346,350,350,349,346,355,359,356,358,364,365,365,366,366,367,366,371,371,366,366,363,356,351,357,355,352,354,353,349,347,340
4696475005,02107906,08/21/2009,357,353,346,346,345,343,342,341,338,345,352,358,357,368,369,372,374,377,375,378,386,383,384,388,395,394,388,390,394,381,372,372,369,369,368,370,368,362,359,358,365,371,364,363,362,358,357,345
4696475005,02107906,08/20/2009,358,354,343,342,340,339,338,329,338,341,349,353,353,372,373,370,372,381,376,380,380,385,388,387,388,392,385,391,397,384,381,379,376,376,375,375,370,367,364,366,371,373,373,374,374,373,369,363
4696475005,02107906,08/19/2009,347,346,343,338,338,336,334,334,332,337,353,355,362,367,373,376,307,322,371,378,387,390,388,393,391,393,386,387,393,384,379,376,370,376,373,370,368,377,364,363,369,371,371,370,370,370,366,362
4696475005,02107906,08/18/2009,336,335,335,330,329,332,329,328,328,326,341,342,348,360,358,359,369,371,366,368,378,376,376,388,388,391,387,391,395,394,379,376,374,376,376,376,377,385,375,368,370,376,366,357,358,354,356,354
4696475005,02107906,08/17/2009,346,344,336,333,330,330,330,332,334,335,348,344,351,352,362,357,373,373,372,368,376,368,374,386,387,392,385,390,386,376,367,365,362,360,364,359,364,364,358,359,364,368,367,365,366,360,355,346
4696475005,02107906,08/16/2009,333,336,328,323,319,320,317,317,316,316,330,330,328,327,333,341,345,354,359,352,352,347,347,359,358,355,343,347,359,344,349,347,351,358,361,359,361,362,342,341,352,360,359,358,356,359,353,349
4696475005,02107906,08/15/2009,348,345,334,331,328,327,325,330,330,323,342,338,330,341,349,342,353,350,347,347,348,346,349,358,359,357,352,357,356,348,351,353,358,363,363,362,365,365,354,349,348,351,351,352,352,352,347,338
4696475005,02107906,08/14/2009,339,336,337,335,334,336,331,330,331,330,336,347,349,353,361,360,369,369,367,372,372,373,370,375,380,376,375,379,367,369,377,370,366,365,370,365,365,365,349,346,354,363,357,357,355,354,348,352
4696475005,02107906,08/13/2009,342,340,335,333,334,332,332,333,328,328,347,344,353,366,363,363,368,357,354,353,357,357,363,375,372,362,368,372,377,365,363,361,357,360,361,364,367,365,357,358,362,364,361,361,361,361,358,353
4696475005,02107906,08/12/2009,341,342,340,342,339,338,341,334,327,332,342,348,351,371,365,356,299,305,356,370,366,373,367,372,376,377,370,383,379,376,367,368,364,362,367,367,371,365,356,360,366,371,367,370,364,363,358,344
4696475005,02107906,08/11/2009,361,355,347,344,346,344,342,342,340,344,351,349,355,365,370,365,377,374,374,369,370,374,385,385,393,388,386,390,397,385,380,380,385,382,372,378,382,364,366,366,372,377,370,367,364,360,354,342
4696475005,02107906,08/10/2009,341,339,335,334,332,327,327,328,321,323,330,332,337,344,352,351,361,367,369,367,372,378,379,391,393,391,384,394,392,386,374,379,388,384,378,377,386,364,366,365,374,375,377,377,376,370,365,362
4696475005,02107906,08/09/2009,334,331,330,328,324,326,323,321,318,323,333,327,328,339,348,344,349,343,340,343,344,356,355,356,368,366,362,361,364,356,358,359,362,362,366,377,381,362,355,353,357,364,363,364,365,360,360,346
