4696475005,02107906,01/08/2010,268,260,257,261,257,255,257,261,254,259,276,274,289,277,296,286,297,299,-,-,-,-,-,-,-,-,-,-,-,-,-,-,-,-,-,-,-,-,-,-,-,-,-,-,-,-,-,-
4696475005,02107906,01/07/2010,264,259,255,258,255,252,252,249,253,252,267,267,279,279,298,288,293,293,297,297,296,296,292,293,290,289,276,280,289,294,284,280,267,287,295,303,303,292,285,287,280,276,276,280,277,275,273,276
4696475005,02107906,01/06/2010,246,243,244,239,240,241,237,239,236,240,258,256,260,274,289,281,294,294,273,269,283,277,287,284,294,308,302,302,296,283,276,272,272,291,300,301,293,278,281,281,282,282,274,273,278,273,270,272
4696475005,02107906,01/05/2010,250,246,243,241,238,237,234,233,231,237,249,252,257,275,276,288,295,292,289,296,286,280,281,282,282,276,274,284,277,277,270,269,263,268,279,287,285,272,264,267,266,265,261,258,258,258,256,251
4696475005,02107906,01/04/2010,259,259,252,251,250,249,249,249,251,253,267,266,270,288,295,287,284,291,280,266,261,262,266,285,283,278,272,277,290,277,266,263,260,279,280,281,279,256,260,260,260,260,262,263,259,259,263,255
4696475005,02107906,01/03/2010,261,259,252,251,249,249,246,249,246,248,260,261,261,272,280,266,272,276,262,257,264,260,262,276,274,261,266,267,272,258,255,253,252,274,282,289,282,261,263,262,264,266,265,272,270,268,265,263
4696475005,02107906,01/02/2010,261,258,258,254,253,253,252,252,250,250,261,268,257,275,277,266,265,271,262,251,258,251,255,274,271,258,259,268,272,255,254,253,251,272,280,288,282,264,267,264,265,267,270,269,271,268,266,263
4696475005,02107906,01/01/2010,263,258,255,253,249,248,247,245,246,251,256,258,257,274,272,266,279,277,264,253,258,259,261,267,272,258,258,270,273,250,251,252,260,274,283,285,283,262,264,266,269,270,272,272,271,272,272,267
4696475005,02107906,12/31/2009,261,259,253,249,246,249,247,248,249,245,264,261,267,282,286,286,299,291,283,284,281,284,275,293,290,283,276,287,286,282,275,270,266,287,291,293,293,269,273,272,275,275,276,274,273,274,273,268
4696475005,02107906,12/30/2009,262,261,259,254,256,255,255,254,254,257,270,269,270,278,299,305,237,228,276,287,288,284,277,296,293,282,277,289,290,276,272,267,268,280,288,294,296,272,273,272,273,274,275,272,272,275,272,267
4696475005,02107906,12/29/2009,266,261,261,257,256,256,252,252,251,251,266,268,264,271,292,284,294,294,280,280,282,277,276,287,295,277,277,284,287,274,270,265,265,286,286,301,296,268,272,271,275,279,273,269,265,265,264,261
4696475005,02107906,12/28/2009,266,258,255,247,245,243,248,244,243,242,255,259,263,269,289,277,280,292,280,278,276,272,274,288,286,269,279,281,284,274,265,264,259,281,286,289,287,269,273,273,275,274,279,274,273,272,270,268
4696475005,02107906,12/27/2009,259,258,248,248,241,240,243,241,240,241,254,254,261,258,275,261,268,275,264,259,255,255,260,273,264,255,251,270,275,257,256,253,259,274,281,278,288,267,263,268,268,269,272,270,272,268,268,267
4696475005,02107906,12/26/2009,261,259,255,247,248,249,249,243,244,249,255,259,258,271,274,273,273,274,259,252,253,263,261,272,271,256,258,267,278,254,259,261,259,278,285,277,287,267,267,266,266,270,269,272,269,271,267,263
4696475005,02107906,12/25/2009,265,266,262,262,260,256,258,251,252,252,261,267,261,273,277,281,272,286,270,265,266,264,269,278,277,261,266,272,278,277,265,264,263,284,290,289,291,266,268,269,268,270,271,271,269,265,267,260
4696475005,02107906,12/24/2009,269,267,261,261,260,258,253,255,257,257,264,271,264,272,283,273,278,282,266,268,267,265,271,281,279,263,268,275,264,258,259,262,256,283,288,288,291,278,275,276,278,279,279,278,278,276,275,273
4696475005,02107906,12/23/2009,253,251,250,249,249,246,245,244,243,245,255,261,264,284,286,280,224,225,283,289,286,283,285,296,286,275,275,291,286,269,267,264,260,285,289,289,286,268,274,278,280,281,280,279,278,277,276,273
4696475005,02107906,12/22/2009,261,260,251,251,247,246,246,246,246,245,251,257,262,271,287,273,284,283,257,275,275,276,286,296,289,287,276,305,308,293,277,272,272,281,282,290,288,270,271,271,272,273,272,264,262,259,258,257
4696475005,02107906,12/21/2009,268,265,262,261,258,254,255,256,255,258,270,272,271,280,281,288,289,300,291,296,291,286,288,294,291,285,285,291,292,296,278,279,277,282,289,283,291,280,273,273,272,275,277,275,277,275,271,270
4696475005,02107906,12/20/2009,263,259,256,260,252,249,246,249,248,251,265,282,266,275,295,288,295,288,280,267,266,278,284,289,285,280,276,294,296,283,280,270,281,290,294,297,300,279,276,274,275,276,277,277,275,275,270,272
4696475005,02107906,12/19/2009,269,265,264,261,263,256,258,259,273,274,275,274,276,277,298,283,298,293,285,279,284,284,283,292,289,293,285,294,292,275,274,277,277,287,294,307,307,291,286,281,275,279,272,271,278,276,267,270
4696475005,02107906,12/18/2009,275,272,262,264,262,260,263,257,260,256,279,276,275,288,301,293,312,310,298,297,289,291,289,308,297,286,289,308,289,280,276,279,281,297,294,310,314,291,278,278,278,276,279,285,280,282,273,277
4696475005,02107906,12/17/2009,268,268,259,260,254,252,242,245,239,241,262,261,270,268,290,278,290,293,289,292,292,302,301,301,308,296,283,303,309,297,284,273,278,294,297,295,308,294,289,280,288,284,291,286,282,284,281,280
4696475005,02107906,12/16/2009,262,265,258,253,256,251,249,252,249,258,278,267,268,289,297,283,244,242,278,294,291,290,296,296,296,278,277,295,298,278,277,272,266,291,297,304,305,285,276,278,282,285,284,283,280,283,279,279
4696475005,02107906,12/15/2009,274,273,271,264,263,263,267,262,262,266,285,277,278,296,298,288,304,313,287,282,290,283,282,301,296,291,288,301,299,298,285,293,288,307,300,314,309,284,287,290,289,279,268,266,270,265,262,263
4696475005,02107906,12/14/2009,272,267,264,265,262,258,260,259,257,263,276,274,276,299,297,293,299,307,293,296,297,307,313,318,308,290,288,309,311,311,279,276,281,295,294,302,301,289,284,279,286,282,289,287,286,284,282,277
4696475005,02107906,12/13/2009,276,273,263,261,261,260,261,260,258,262,269,268,274,282,281,284,288,297,290,284,283,279,282,287,295,289,285,291,293,280,284,281,281,300,305,292,301,292,285,284,282,287,287,287,286,284,283,278
4696475005,02107906,12/12/2009,269,265,262,260,259,257,255,253,252,256,265,270,269,283,289,282,275,290,279,272,271,267,275,284,278,274,267,287,281,268,270,270,282,294,304,302,308,284,288,288,289,290,286,288,286,286,284,282
4696475005,02107906,12/11/2009,278,274,273,272,269,269,263,263,262,261,273,279,284,291,293,291,307,302,293,295,307,284,291,297,302,298,300,302,300,282,282,280,275,295,303,300,301,287,283,279,281,282,288,289,286,288,280,275
4696475005,02107906,12/10/2009,280,277,276,272,268,265,267,261,259,266,279,283,282,297,237,208,206,202,194,259,294,298,298,300,303,298,295,304,307,284,284,285,286,301,307,311,300,285,285,286,287,288,292,292,290,286,285,282
4696475005,02107906,12/09/2009,272,265,264,262,261,261,264,261,256,260,275,277,276,296,304,309,238,254,288,298,297,297,300,298,306,296,290,301,301,294,287,286,285,301,307,307,309,287,290,295,292,295,295,294,293,289,288,287
4696475005,02107906,12/08/2009,278,273,272,270,265,263,261,261,262,265,274,281,283,295,296,293,294,303,291,293,294,290,296,301,297,294,290,303,300,289,296,293,288,307,303,306,305,291,290,287,288,294,286,286,284,279,272,272
4696475005,02107906,12/07/2009,279,274,270,266,264,264,266,260,258,259,273,279,276,291,299,294,292,306,295,302,294,291,295,298,303,295,291,300,293,281,282,280,281,293,302,295,298,284,286,284,281,281,283,284,284,282,279,277
4696475005,02107906,12/06/2009,275,272,267,263,261,258,256,253,252,259,263,270,269,280,292,282,279,288,278,274,270,266,266,269,269,266,271,278,279,269,268,267,270,285,297,299,289,277,282,285,285,286,288,287,288,287,284,283
4696475005,02107906,12/05/2009,281,278,272,264,262,266,267,262,260,264,269,277,279,289,295,282,291,297,293,281,279,284,284,282,287,279,280,291,299,285,283,280,282,301,300,303,298,280,283,286,286,288,291,288,283,283,279,279
4696475005,02107906,12/04/2009,277,277,272,270,270,266,261,259,261,266,268,277,281,295,307,301,310,305,296,293,294,297,298,291,299,289,292,299,310,293,286,293,295,307,304,308,312,285,289,288,284,286,286,288,289,293,287,288
4696475005,02107906,12/03/2009,292,291,284,281,280,280,279,278,275,280,288,289,286,297,312,300,312,312,302,310,307,309,310,310,311,307,307,311,314,294,294,288,285,298,304,316,313,289,293,297,297,295,297,297,294,290,289,284
4696475005,02107906,12/02/2009,272,270,271,266,261,259,257,257,257,260,273,281,281,292,298,292,242,246,298,304,312,307,308,314,316,307,308,318,323,308,304,299,301,306,306,313,312,299,292,296,296,295,297,296,297,295,291,293
4696475005,02107906,12/01/2009,281,281,275,265,264,261,260,265,261,260,274,277,278,295,302,290,296,300,291,297,296,296,298,294,305,298,297,305,307,295,286,286,284,297,302,307,306,291,293,290,288,293,282,281,280,276,275,273
4696475005,02107906,11/30/2009,277,278,272,268,267,265,265,264,266,269,272,278,284,296,303,294,303,303,300,301,305,301,300,300,305,300,300,309,313,296,294,287,288,301,302,305,297,283,287,288,289,288,290,288,288,288,283,280
4696475005,02107906,11/29/2009,271,267,261,259,254,253,254,255,255,257,264,265,262,276,283,278,279,286,274,266,275,278,281,284,284,277,285,285,291,276,274,270,272,286,296,304,306,289,285,287,287,285,290,289,284,288,284,283
4696475005,02107906,11/28/2009,274,267,265,265,261,260,258,259,259,261,265,269,271,273,283,280,277,284,270,268,265,271,272,275,279,275,275,287,273,268,269,267,272,287,296,298,299,277,279,281,281,280,282,283,280,278,274,274
4696475005,02107906,11/27/2009,279,278,272,268,265,264,262,262,263,265,274,276,275,283,291,283,286,280,275,272,271,271,274,284,279,279,270,273,288,277,267,267,269,294,295,295,302,303,295,285,283,282,284,283,282,282,279,277
4696475005,02107906,11/26/2009,282,276,274,275,270,267,269,269,267,271,277,280,273,288,299,293,297,296,285,284,288,283,283,289,290,294,287,281,294,297,281,281,280,296,299,304,305,290,292,287,287,289,290,289,290,291,285,286
4696475005,02107906,11/25/2009,275,277,277,274,274,269,272,268,267,270,281,286,285,301,308,306,252,248,300,298,300,299,299,302,311,298,297,306,309,289,284,284,284,299,306,312,315,287,290,289,293,293,293,293,293,294,290,287
4696475005,02107906,11/24/2009,282,279,273,273,273,274,272,240,222,221,226,236,239,255,324,302,314,307,302,297,295,296,308,315,316,310,307,320,319,295,294,295,295,308,309,305,312,309,303,297,297,299,296,293,285,283,279,280
4696475005,02107906,11/23/2009,287,284,282,280,275,272,271,268,271,272,278,280,288,306,313,306,304,318,314,309,311,310,312,308,315,319,304,318,319,302,303,296,296,304,310,312,318,300,293,295,293,295,293,291,291,287,289,288
4696475005,02107906,11/22/2009,276,275,271,266,261,263,261,257,261,263,270,273,274,279,291,293,277,290,280,272,280,285,284,283,286,284,278,287,294,295,290,288,284,299,301,302,308,292,288,288,288,289,295,292,292,290,289,287
4696475005,02107906,11/21/2009,274,275,272,266,262,261,260,257,257,263,264,271,272,284,290,287,283,292,286,276,273,277,279,275,279,280,279,287,289,282,280,279,283,295,295,306,308,297,285,288,287,288,288,290,289,284,282,281
4696475005,02107906,11/20/2009,286,282,278,277,277,272,274,271,272,278,284,286,287,305,311,307,307,314,301,304,300,303,303,302,311,294,299,310,302,288,289,289,296,297,300,314,312,287,287,286,286,289,290,288,288,285,280,280
4696475005,02107906,11/19/2009,287,282,282,278,278,274,276,272,273,276,286,292,296,300,315,310,306,320,312,309,320,321,316,318,330,316,312,323,325,311,309,308,311,322,319,325,328,318,303,307,306,306,304,305,304,303,299,293
4696475005,02107906,11/18/2009,277,277,274,270,271,265,268,265,263,276,282,283,291,306,312,300,243,254,303,299,301,317,314,312,314,304,298,307,313,298,297,296,301,305,314,312,315,299,298,298,297,299,298,300,298,299,296,293
4696475005,02107906,11/17/2009,285,284,279,274,274,269,270,267,270,273,283,281,283,301,310,302,306,312,305,298,294,292,297,303,306,304,303,312,312,296,299,295,289,299,308,309,316,292,288,279,281,281,280,280,280,276,280,280
4696475005,02107906,11/16/2009,280,277,272,267,269,265,265,265,266,264,274,277,280,298,299,291,301,313,307,307,307,310,316,319,325,319,311,309,312,296,300,296,286,293,313,319,324,295,302,302,299,296,294,297,298,294,292,289
4696475005,02107906,11/15/2009,272,272,262,263,261,259,256,258,260,262,266,279,270,281,284,275,273,284,282,266,266,271,269,277,278,275,276,279,289,279,277,276,277,279,288,295,300,296,293,292,292,293,293,294,292,291,292,286
4696475005,02107906,11/14/2009,286,279,272,269,268,269,269,267,263,266,281,280,276,288,288,289,282,285,284,272,275,274,278,281,280,280,280,282,302,284,277,283,282,285,290,295,303,307,293,290,289,289,290,288,287,286,284,280
4696475005,02107906,11/13/2009,280,281,279,277,270,269,268,270,271,273,276,284,287,302,309,306,312,306,296,298,296,297,311,308,309,304,303,305,309,295,296,295,291,286,298,301,303,306,305,290,292,293,300,300,294,295,286,288
4696475005,02107906,11/12/2009,281,281,276,276,270,265,267,266,267,269,282,283,285,302,310,309,316,318,308,308,308,302,302,310,302,298,295,309,310,298,295,296,294,293,297,299,313,301,297,295,295,295,292,294,293,293,288,285
4696475005,02107906,11/11/2009,282,281,274,273,269,269,268,272,265,275,284,285,287,306,310,308,241,246,299,298,298,300,299,307,313,310,305,310,308,295,298,295,293,294,300,302,305,290,287,289,288,290,291,288,290,291,287,284
4696475005,02107906,11/10/2009,292,288,282,278,277,277,278,276,274,279,288,294,296,317,316,308,319,321,311,318,319,324,334,333,337,330,327,332,331,324,305,303,302,303,313,320,317,304,297,297,297,300,298,289,288,285,284,284
4696475005,02107906,11/09/2009,289,290,286,281,277,276,276,274,273,277,288,286,291,306,309,306,318,319,312,312,313,313,319,319,313,308,309,321,318,301,304,302,301,303,307,314,329,315,312,311,307,310,305,305,305,301,303,296
4696475005,02107906,11/08/2009,281,275,275,270,269,270,266,266,265,265,274,277,274,282,283,287,278,276,287,286,283,285,283,282,286,286,284,298,291,284,286,282,283,288,295,306,314,296,300,301,300,299,301,299,300,299,295,292
4696475005,02107906,11/07/2009,274,276,269,263,262,259,258,257,260,261,271,276,274,286,284,275,277,277,271,277,280,283,280,282,280,278,278,293,292,279,279,281,279,280,293,305,309,285,283,283,288,288,287,290,291,288,287,287
4696475005,02107906,11/06/2009,285,284,281,273,270,272,269,270,272,278,286,286,288,306,303,304,311,311,293,294,296,298,293,310,307,304,298,294,297,285,284,283,281,281,290,305,304,287,284,283,289,287,289,293,290,291,284,280
4696475005,02107906,11/05/2009,291,285,283,280,275,273,272,271,270,273,279,281,289,299,306,307,306,305,305,309,310,311,314,312,316,316,308,316,318,308,306,299,298,300,307,310,321,305,301,299,299,299,297,295,297,296,294,289
4696475005,02107906,11/04/2009,283,284,281,275,272,272,271,271,267,270,283,287,287,292,307,304,248,255,295,294,296,307,316,315,313,306,312,312,313,303,300,302,299,300,300,309,316,309,300,303,301,304,304,304,303,301,297,294
4696475005,02107906,11/03/2009,291,289,278,277,274,272,276,273,271,273,287,289,286,304,310,300,308,317,307,309,303,301,313,311,318,310,310,318,325,311,304,304,301,301,306,318,325,301,305,305,304,304,300,299,291,287,286,282
4696475005,02107906,11/02/2009,281,277,277,278,271,271,269,269,269,272,283,287,288,302,302,299,304,314,311,310,310,306,304,306,315,303,296,310,316,299,296,304,297,295,304,313,318,300,299,300,298,301,302,299,298,299,296,293
4696475005,02107906,11/01/2009,276,268,267,267,260,260,257,261,261,262,271,275,275,277,291,290,284,295,296,286,279,282,284,285,286,278,275,286,296,284,280,279,280,284,291,298,302,302,295,293,291,290,292,295,293,293,295,287
4696475005,02107906,10/31/2009,283,278,275,274,274,269,267,266,266,268,284,283,284,298,306,293,292,304,304,296,292,292,295,298,304,295,286,302,299,291,295,295,295,296,303,305,314,311,304,302,304,305,303,299,295,295,289,284
4696475005,02107906,10/30/2009,296,295,289,285,284,277,274,271,273,274,287,288,289,314,315,317,318,313,307,301,306,302,301,310,312,303,306,301,309,304,292,290,286,285,287,298,305,314,304,293,295,299,299,301,298,297,293,289
4696475005,02107906,10/29/2009,295,295,285,279,276,272,273,274,272,272,285,288,288,305,317,318,318,322,310,307,305,307,307,310,316,312,311,315,320,300,300,300,297,295,307,314,313,306,306,301,303,300,303,304,300,302,298,298
4696475005,02107906,10/28/2009,285,283,278,276,274,277,272,272,272,274,287,290,294,314,321,317,262,269,312,315,312,318,318,321,330,318,307,310,320,302,310,306,298,295,303,301,312,304,301,298,297,300,300,298,299,300,297,295
4696475005,02107906,10/27/2009,284,286,278,274,276,274,272,274,273,272,288,290,288,302,315,313,315,322,309,310,302,305,307,307,315,310,302,308,314,301,305,306,303,302,304,313,317,303,307,303,302,303,301,296,291,292,284,285
4696475005,02107906,10/26/2009,276,278,270,264,263,260,260,261,260,259,273,277,275,295,303,305,313,312,301,299,301,297,294,311,316,310,303,310,311,296,294,297,290,287,286,296,313,313,301,300,299,300,298,295,299,296,292,286
4696475005,02107906,10/25/2009,290,287,277,275,271,270,263,265,262,262,274,279,280,285,293,295,285,284,284,285,280,282,281,278,284,284,276,292,295,281,281,279,279,277,282,295,298,301,294,288,291,288,290,289,290,289,289,285
4696475005,02107906,10/24/2009,282,285,278,278,275,272,273,276,271,271,277,289,290,293,304,303,296,298,296,306,308,300,299,303,306,306,299,304,311,313,315,311,306,306,304,307,318,319,314,303,304,309,300,295,293,295,291,292
4696475005,02107906,10/23/2009,283,282,275,275,273,271,271,268,269,272,285,285,287,298,313,317,312,319,301,303,298,302,305,318,319,306,306,309,313,310,292,289,288,289,303,302,307,307,297,294,295,294,295,297,296,293,291,286
4696475005,02107906,10/22/2009,281,281,275,272,271,270,270,270,271,271,284,287,288,302,314,319,314,307,308,300,300,299,307,310,316,305,307,310,312,311,298,300,295,290,294,299,310,309,299,295,296,297,297,298,295,294,294,290
4696475005,02107906,10/21/2009,276,278,278,275,271,270,265,267,264,268,284,282,284,294,308,311,254,249,294,301,305,309,310,317,315,302,301,307,316,302,295,297,299,292,296,299,306,311,299,294,297,298,302,302,297,291,290,284
4696475005,02107906,10/20/2009,279,277,274,268,265,262,263,261,263,264,269,275,272,289,303,299,304,311,295,299,307,303,297,302,310,304,299,303,307,301,294,292,292,287,287,296,302,306,295,290,289,291,288,289,285,288,279,279
4696475005,02107906,10/19/2009,277,278,272,268,260,259,259,256,259,263,267,276,279,290,295,296,304,305,295,297,298,296,296,301,303,293,292,295,301,289,286,290,288,283,284,287,295,288,295,292,291,294,293,294,293,289,284,279
4696475005,02107906,10/18/2009,264,264,260,255,251,250,249,253,251,249,260,260,260,275,279,275,279,274,265,264,264,262,271,271,279,275,274,276,280,277,272,273,273,274,273,276,292,294,289,285,285,285,289,287,285,288,284,277
4696475005,02107906,10/17/2009,269,266,263,259,259,254,253,254,254,258,261,262,267,270,274,278,275,276,273,274,273,273,273,274,282,281,272,275,284,278,274,274,274,274,279,287,293,289,287,284,286,287,284,282,275,275,275,270
4696475005,02107906,10/16/2009,282,280,280,273,271,271,270,267,265,270,280,284,278,296,307,302,302,302,299,296,303,302,298,307,306,301,298,302,310,294,284,283,281,281,286,288,296,302,292,280,280,288,288,285,283,284,280,273
4696475005,02107906,10/15/2009,288,288,280,278,277,276,273,271,272,277,285,292,291,306,314,312,310,327,310,313,318,311,314,319,318,307,312,315,318,300,296,295,295,295,298,300,312,310,299,293,296,296,295,294,295,292,290,287
4696475005,02107906,10/14/2009,286,285,282,278,281,279,277,274,271,275,286,292,293,298,298,305,248,252,305,306,307,313,310,311,317,318,307,314,322,303,301,300,298,291,295,301,312,307,298,295,296,295,298,295,297,294,292,292
4696475005,02107906,10/13/2009,275,273,270,267,267,263,263,262,260,267,271,277,280,303,307,298,307,304,309,313,308,312,308,319,313,318,310,323,322,314,306,303,298,294,293,292,299,309,316,308,310,307,296,296,292,292,290,284
4696475005,02107906,10/12/2009,286,283,278,275,268,268,267,268,269,271,276,273,272,284,290,285,282,292,296,280,280,284,281,292,288,282,286,285,296,284,277,275,274,273,275,280,290,287,287,285,289,289,290,289,289,287,285,283
4696475005,02107906,10/11/2009,286,282,275,268,265,266,262,262,259,259,263,272,267,280,286,285,275,290,286,272,278,280,278,291,291,291,290,295,300,284,280,281,278,275,277,281,299,293,293,292,294,297,295,295,294,291,290,288
4696475005,02107906,10/10/2009,310,310,304,302,291,291,288,286,289,289,294,297,297,318,312,316,310,328,307,302,293,290,284,295,295,294,296,303,306,300,287,286,285,283,283,287,293,294,295,291,293,292,294,293,292,293,289,287
4696475005,02107906,10/09/2009,285,279,280,277,276,273,267,271,267,270,279,282,287,296,306,297,303,314,307,303,302,310,306,316,318,314,318,323,332,321,317,315,311,308,307,313,321,322,317,313,316,321,322,323,317,316,313,312
4696475005,02107906,10/08/2009,281,280,274,259,261,260,260,259,261,267,276,271,271,288,280,295,296,287,277,300,304,300,300,301,307,315,303,304,305,307,295,291,290,289,288,287,291,295,303,297,299,299,299,303,300,295,295,290
4696475005,02107906,10/07/2009,229,229,225,222,219,218,218,217,215,219,227,231,235,247,249,256,273,267,307,313,316,324,312,321,325,319,310,320,327,313,308,301,290,285,281,285,294,311,301,295,294,292,292,292,292,291,289,285
4696475005,02107906,10/06/2009,291,291,282,274,276,274,274,274,272,276,288,281,284,305,309,302,299,312,306,301,310,311,311,314,319,311,311,315,315,311,320,320,307,306,307,314,326,324,310,310,312,314,312,308,303,299,293,288
4696475005,02107906,10/05/2009,285,284,281,274,272,267,268,267,269,273,277,278,280,291,297,295,301,312,303,303,308,303,312,318,322,316,309,311,319,316,300,301,296,292,293,292,306,299,300,300,310,310,306,305,303,301,300,298
4696475005,02107906,10/04/2009,288,285,283,279,273,270,269,265,265,265,272,281,273,288,295,283,277,294,303,292,290,293,282,293,292,293,286,295,301,290,289,287,288,293,292,300,301,298,290,289,295,301,301,301,302,298,295,292
4696475005,02107906,10/03/2009,285,287,282,279,277,271,269,269,271,272,272,284,285,298,308,303,307,310,295,285,284,287,293,303,301,301,313,306,317,304,299,298,301,298,295,297,308,308,301,302,302,300,302,299,293,300,296,288
4696475005,02107906,10/02/2009,292,293,284,277,279,278,278,276,277,280,285,285,290,307,309,307,310,319,325,318,319,320,320,324,326,318,316,316,328,311,306,303,303,304,300,302,315,315,305,301,306,306,312,313,310,307,299,291
4696475005,02107906,10/01/2009,301,298,287,283,281,278,280,273,281,277,282,287,294,303,300,301,305,315,311,306,306,312,312,318,320,318,322,323,324,313,302,300,303,303,301,299,306,295,304,302,306,305,304,302,301,299,297,294
4696475005,02107906,09/30/2009,287,286,284,285,283,280,281,277,276,283,287,292,292,310,317,313,258,274,321,315,323,323,321,329,330,320,318,322,328,317,310,318,315,308,307,307,315,308,311,307,311,308,311,306,308,305,302,300
4696475005,02107906,09/29/2009,294,288,282,279,276,273,272,273,274,272,278,286,290,308,317,313,310,318,317,316,309,314,319,324,325,316,315,317,324,311,306,305,303,306,305,305,306,304,309,307,314,314,308,298,293,291,289,284
4696475005,02107906,09/28/2009,295,291,288,286,285,283,280,279,278,281,289,292,290,310,304,307,308,318,321,318,311,318,312,322,320,331,325,328,335,329,321,320,316,327,322,315,317,310,306,303,305,306,303,302,302,299,298,298
4696475005,02107906,09/27/2009,301,301,295,290,292,288,286,286,280,281,288,295,295,296,309,311,304,316,311,299,299,306,307,308,310,310,317,320,313,311,314,317,309,316,315,316,313,301,313,307,306,308,306,307,302,302,298,296
4696475005,02107906,09/26/2009,300,301,294,287,289,285,284,282,281,283,292,292,293,305,311,302,299,297,302,297,293,291,294,303,295,303,294,305,302,295,300,297,299,306,309,312,324,318,312,306,308,309,310,312,311,310,306,302
4696475005,02107906,09/25/2009,298,299,296,289,287,288,285,286,289,294,295,299,301,313,322,316,317,321,315,314,317,315,313,318,319,313,308,315,321,306,306,307,303,307,306,318,315,300,306,305,308,314,315,313,312,310,304,301
4696475005,02107906,09/24/2009,302,304,299,290,289,286,286,291,292,295,305,301,308,318,336,324,324,333,335,328,330,333,332,330,335,335,330,336,337,331,323,324,320,325,329,325,328,318,319,320,319,321,326,319,318,317,313,304
4696475005,02107906,09/23/2009,302,298,295,293,291,292,293,288,286,295,303,300,305,324,331,325,270,275,319,326,327,331,329,336,335,334,327,335,338,325,325,330,320,322,329,329,324,314,322,321,323,322,320,322,318,312,312,308
4696475005,02107906,09/22/2009,304,303,298,293,292,290,297,289,285,290,295,301,304,318,322,318,321,324,322,323,328,327,325,327,330,331,328,334,331,326,327,326,324,318,316,320,321,314,320,318,321,323,319,317,311,309,303,304
4696475005,02107906,09/21/2009,290,287,288,285,286,282,277,277,276,278,284,285,286,305,302,310,315,327,315,318,318,329,324,329,336,332,323,320,337,330,320,314,313,314,314,318,313,301,314,315,318,319,322,319,315,316,310,308
4696475005,02107906,09/20/2009,291,290,284,281,278,274,276,272,277,284,280,279,273,289,290,287,297,303,296,294,297,295,296,295,303,306,301,308,305,296,295,296,300,302,305,307,307,295,302,301,308,311,309,309,309,306,302,294
4696475005,02107906,09/19/2009,292,294,289,288,285,283,283,279,274,273,287,287,288,299,301,296,297,304,290,294,293,294,296,296,298,296,297,302,307,297,297,295,294,297,297,303,308,294,303,305,308,310,309,305,306,306,302,300
4696475005,02107906,09/18/2009,300,299,298,290,287,286,286,290,301,298,301,303,308,317,329,321,325,327,330,324,319,318,317,321,329,321,320,327,326,326,317,316,322,320,317,318,323,313,312,310,316,319,317,318,315,314,309,300
4696475005,02107906,09/17/2009,301,304,298,292,289,285,286,287,300,295,301,297,306,317,322,319,324,330,322,324,331,328,323,324,327,319,316,330,322,318,311,312,309,312,307,314,315,306,307,308,310,310,310,312,310,310,305,303
4696475005,02107906,09/16/2009,305,304,302,295,293,289,290,293,290,288,299,300,302,319,325,319,260,260,307,317,323,322,330,326,328,324,321,326,327,322,319,316,317,312,311,319,318,317,313,316,317,323,318,316,315,315,310,307
4696475005,02107906,09/15/2009,299,295,291,290,289,290,283,285,298,290,293,295,295,318,320,310,321,329,323,321,323,325,322,334,338,332,328,338,327,325,321,322,316,322,320,324,324,315,320,323,325,327,319,309,304,306,307,306
4696475005,02107906,09/14/2009,294,291,286,285,288,284,285,285,291,294,302,300,304,320,318,308,320,320,320,320,325,319,328,328,338,332,324,335,332,323,319,315,315,316,310,313,313,304,315,320,318,319,320,316,316,315,312,307
4696475005,02107906,09/13/2009,294,296,287,282,283,279,276,272,279,281,294,297,297,301,308,309,298,304,294,301,300,299,303,307,301,299,302,311,311,301,301,306,303,303,303,311,308,299,299,305,307,310,307,308,306,307,304,300
4696475005,02107906,09/12/2009,294,292,287,283,281,282,278,276,278,276,291,297,289,300,304,305,296,304,294,295,295,293,296,300,305,303,303,313,307,298,302,302,300,306,301,307,299,296,304,307,306,309,310,307,305,304,302,298
4696475005,02107906,09/11/2009,296,291,286,284,281,283,283,277,278,288,289,287,291,298,313,306,318,324,310,311,315,298,315,320,320,319,315,321,315,307,309,307,304,304,303,302,299,294,300,299,302,306,306,307,306,304,299,297
4696475005,02107906,09/10/2009,301,295,292,290,286,288,289,284,289,297,294,291,295,306,317,308,313,321,311,308,309,317,319,318,323,330,328,325,330,316,320,316,311,310,307,314,317,301,302,301,305,307,304,305,305,306,303,299
4696475005,02107906,09/09/2009,292,294,296,294,292,291,289,292,295,292,304,305,303,320,324,319,259,267,316,323,326,331,326,323,330,337,322,332,330,329,321,313,317,315,311,317,317,309,308,310,314,314,309,311,311,311,308,299
4696475005,02107906,09/08/2009,327,329,318,319,311,310,313,312,320,322,323,326,324,338,347,346,351,342,335,318,322,326,321,333,332,326,314,313,319,324,327,310,308,311,307,316,312,303,312,313,316,316,312,311,308,307,296,290
4696475005,02107906,09/07/2009,323,324,329,327,324,323,319,320,317,312,330,320,314,325,332,330,336,333,328,322,330,330,325,335,338,336,336,337,337,330,331,336,339,338,335,338,342,336,340,343,341,342,346,341,342,340,338,332
4696475005,02107906,09/06/2009,314,314,314,312,310,307,305,306,305,307,319,322,319,323,326,326,317,318,313,314,318,320,328,327,329,335,338,333,340,334,335,329,334,328,330,337,335,336,338,343,344,343,348,350,345,342,341,331
4696475005,02107906,09/05/2009,318,315,309,308,306,305,306,304,300,301,312,311,314,324,327,327,319,321,327,323,320,320,323,327,327,331,336,335,330,332,331,332,333,335,342,341,339,336,341,342,342,344,344,336,338,337,335,320
4696475005,02107906,09/04/2009,319,320,316,310,311,310,308,311,319,308,316,314,319,333,336,330,336,341,331,340,340,343,349,344,343,342,340,346,352,340,342,337,334,338,330,334,340,337,333,336,347,348,341,341,336,335,332,325
4696475005,02107906,09/03/2009,328,322,318,316,313,311,314,313,321,315,320,315,318,329,331,325,335,339,335,339,339,338,340,335,341,337,339,346,345,331,336,339,327,330,331,332,331,320,321,327,330,331,330,333,330,329,325,319
4696475005,02107906,09/02/2009,315,312,309,308,305,300,300,307,312,304,307,308,309,329,329,322,283,284,326,331,332,335,338,350,345,346,345,347,348,340,335,338,335,329,334,329,328,316,319,323,329,330,334,331,330,330,324,326
4696475005,02107906,09/01/2009,321,317,309,307,304,303,301,304,309,305,308,310,308,321,325,323,332,336,331,338,337,336,336,336,345,346,341,341,344,334,339,336,330,328,333,331,333,318,315,322,327,324,324,322,320,318,315,316
4696475005,02107906,08/31/2009,318,320,314,307,309,307,306,308,318,317,321,321,323,337,338,336,346,342,333,333,332,335,331,335,335,341,333,342,343,332,331,337,332,335,331,334,337,320,325,328,331,332,330,328,326,324,322,323
4696475005,02107906,08/30/2009,347,343,333,320,320,320,316,314,313,309,317,315,320,326,335,326,323,323,321,318,317,319,324,332,335,335,331,337,337,332,331,333,332,337,335,330,337,331,343,349,342,339,337,333,334,331,332,329
4696475005,02107906,08/29/2009,342,336,328,325,320,317,319,319,323,321,330,332,332,339,357,347,343,344,340,337,341,340,345,349,352,351,347,356,356,350,350,349,355,351,352,356,353,349,351,360,359,358,351,350,345,350,348,345
4696475005,02107906,08/28/2009,347,346,343,339,341,340,337,335,358,352,346,349,351,365,368,372,376,379,370,372,366,372,372,390,380,368,365,376,367,355,359,355,364,361,365,366,366,356,358,356,356,355,358,355,352,351,348,345
4696475005,02107906,08/27/2009,342,343,333,332,330,330,321,328,332,325,333,327,339,341,360,345,358,365,357,361,369,366,365,374,377,374,368,382,382,371,372,364,365,372,368,370,377,362,363,364,362,363,362,362,362,364,358,352
4696475005,02107906,08/26/2009,330,329,326,323,320,319,319,327,333,345,344,335,339,362,357,350,306,311,354,367,366,376,373,390,386,377,372,384,391,378,372,368,365,375,374,376,369,364,361,363,366,365,367,366,365,364,359,349
4696475005,02107906,08/25/2009,334,332,323,318,319,316,314,319,325,320,333,330,331,345,354,347,355,360,343,349,355,349,358,362,363,375,360,368,376,365,356,365,354,357,351,357,359,358,352,350,357,359,359,351,347,343,338,330
4696475005,02107906,08/24/2009,325,318,318,315,310,313,309,314,329,318,329,330,324,334,340,336,349,356,346,349,350,356,361,361,366,362,357,357,367,351,352,352,360,356,360,356,363,347,343,347,352,353,350,348,352,350,348,341
4696475005,02107906,08/23/2009,333,332,329,323,315,315,311,308,312,309,319,323,320,328,331,331,323,328,333,326,327,328,328,332,342,355,353,353,357,344,343,349,347,355,352,353,357,349,338,339,343,345,346,345,344,344,340,336
4696475005,02107906,08/22/2009,337,337,332,331,333,326,325,330,329,324,331,337,336,349,359,347,344,346,350,350,349,346,355,359,356,358,364,365,365,366,366,367,366,371,371,366,366,363,356,351,357,355,352,354,353,349,347,340
4696475005,02107906,08/21/2009,357,353,346,346,345,343,342,341,338,345,352,358,357,368,369,372,374,377,375,378,386,383,384,388,395,394,388,390,394,381,372,372,369,369,368,370,368,362,359,358,365,371,364,363,362,358,357,345
4696475005,02107906,08/20/2009,358,354,343,342,340,339,338,329,338,341,349,353,353,372,373,370,372,381,376,380,380,385,388,387,388,392,385,391,397,384,381,379,376,376,375,375,370,367,364,366,371,373,373,374,374,373,369,363
4696475005,02107906,08/19/2009,347,346,343,338,338,336,334,334,332,337,353,355,362,367,373,376,307,322,371,378,387,390,388,393,391,393,386,387,393,384,379,376,370,376,373,370,368,377,364,363,369,371,371,370,370,370,366,362
4696475005,02107906,08/18/2009,336,335,335,330,329,332,329,328,328,326,341,342,348,360,358,359,369,371,366,368,378,376,376,388,388,391,387,391,395,394,379,376,374,376,376,376,377,385,375,368,370,376,366,357,358,354,356,354
4696475005,02107906,08/17/2009,346,344,336,333,330,330,330,332,334,335,348,344,351,352,362,357,373,373,372,368,376,368,374,386,387,392,385,390,386,376,367,365,362,360,364,359,364,364,358,359,364,368,367,365,366,360,355,346
4696475005,02107906,08/16/2009,333,336,328,323,319,320,317,317,316,316,330,330,328,327,333,341,345,354,359,352,352,347,347,359,358,355,343,347,359,344,349,347,351,358,361,359,361,362,342,341,352,360,359,358,356,359,353,349
4696475005,02107906,08/15/2009,348,345,334,331,328,327,325,330,330,323,342,338,330,341,349,342,353,350,347,347,348,346,349,358,359,357,352,357,356,348,351,353,358,363,363,362,365,365,354,349,348,351,351,352,352,352,347,338
4696475005,02107906,08/14/2009,339,336,337,335,334,336,331,330,331,330,336,347,349,353,361,360,369,369,367,372,372,373,370,375,380,376,375,379,367,369,377,370,366,365,370,365,365,365,349,346,354,363,357,357,355,354,348,352
4696475005,02107906,08/13/2009,342,340,335,333,334,332,332,333,328,328,347,344,353,366,363,363,368,357,354,353,357,357,363,375,372,362,368,372,377,365,363,361,357,360,361,364,367,365,357,358,362,364,361,361,361,361,358,353
4696475005,02107906,08/12/2009,341,342,340,342,339,338,341,334,327,332,342,348,351,371,365,356,299,305,356,370,366,373,367,372,376,377,370,383,379,376,367,368,364,362,367,367,371,365,356,360,366,371,367,370,364,363,358,344
4696475005,02107906,08/11/2009,361,355,347,344,346,344,342,342,340,344,351,349,355,365,370,365,377,374,374,369,370,374,385,385,393,388,386,390,397,385,380,380,385,382,372,378,382,364,366,366,372,377,370,367,364,360,354,342
4696475005,02107906,08/10/2009,341,339,335,334,332,327,327,328,321,323,330,332,337,344,352,351,361,367,369,367,372,378,379,391,393,391,384,394,392,386,374,379,388,384,378,377,386,364,366,365,374,375,377,377,376,370,365,362
4696475005,02107906,08/09/2009,334,331,330,328,324,326,323,321,318,323,333,327,328,339,348,344,349,343,340,343,344,356,355,356,368,366,362,361,364,356,358,359,362,362,366,377,381,362,355,353,357,364,363,364,365,360,360,346
4696475005,02107906,08/08/2009,310,310,311,304,301,299,298,298,302,302,318,317,309,315,329,322,326,332,322,322,329,331,333,334,342,343,339,351,341,339,345,344,345,352,355,357,364,349,347,345,349,352,349,350,351,348,346,339
4696475005,02107906,08/07/2009,326,323,316,314,313,313,308,311,310,311,316,322,326,321,331,328,340,338,334,336,346,339,345,342,346,352,353,352,337,337,338,335,331,331,329,330,342,325,321,318,329,333,332,333,331,328,321,318
4696475005,02107906,08/06/2009,343,341,340,337,341,338,334,335,335,337,349,345,348,355,348,352,356,362,350,361,361,358,358,357,355,361,352,360,358,350,351,357,349,342,340,344,348,335,337,337,342,347,344,340,340,344,339,330
4696475005,02107906,08/05/2009,327,327,321,321,320,318,319,314,314,314,326,325,328,335,341,344,295,289,337,353,361,361,362,363,369,377,379,382,376,370,362,363,365,360,358,359,366,349,352,356,359,363,360,359,360,356,353,349
4696475005,02107906,08/04/2009,334,330,323,323,322,314,311,310,309,312,325,324,330,330,337,342,354,357,350,357,367,370,374,371,377,376,377,384,375,373,371,370,368,365,369,365,373,358,344,342,349,356,352,344,341,342,334,329
4696475005,02107906,08/03/2009,349,345,344,340,339,335,327,321,317,316,328,334,334,340,346,341,352,352,342,347,344,346,345,342,351,350,358,362,360,357,352,353,355,355,354,351,354,357,344,340,350,356,356,356,355,353,346,341
4696475005,02107906,08/02/2009,345,342,334,330,332,332,329,325,315,316,324,329,330,331,332,346,356,350,347,343,329,330,325,336,345,340,353,356,347,349,348,358,359,351,358,369,367,346,351,346,355,361,359,361,360,359,359,355
4696475005,02107906,08/01/2009,330,329,321,316,316,315,312,312,308,308,321,325,325,320,321,330,324,345,331,335,339,336,340,341,345,356,360,364,353,353,351,348,353,360,358,356,351,352,345,344,353,358,357,355,353,350,349,346
4696475005,02107906,07/31/2009,349,348,342,340,337,335,332,327,324,325,334,342,349,361,358,358,368,371,360,364,371,372,371,374,373,376,376,389,391,374,372,355,351,359,350,348,349,349,330,327,335,348,345,343,343,343,340,338
4696475005,02107906,07/30/2009,348,341,336,327,326,325,325,323,323,320,324,326,334,335,346,350,356,358,351,351,353,353,355,354,366,372,371,380,370,367,364,360,358,356,358,360,364,355,352,351,354,361,358,359,356,362,362,356
4696475005,02107906,07/29/2009,350,343,340,338,332,327,327,323,325,325,343,350,350,357,356,357,305,307,351,363,366,370,366,371,371,371,368,380,377,373,367,365,365,374,371,369,374,360,352,353,359,362,358,363,363,364,358,353
4696475005,02107906,07/28/2009,343,339,334,323,324,326,324,324,327,326,338,337,338,341,341,345,362,368,357,361,363,364,363,361,371,373,383,383,378,375,371,370,370,371,372,368,365,354,356,355,360,369,365,362,366,363,358,352
4696475005,02107906,07/27/2009,338,336,335,327,325,327,327,327,323,315,324,335,333,345,354,347,361,363,360,358,363,359,371,365,367,367,377,367,358,357,358,353,351,356,356,356,358,344,346,348,348,358,362,360,359,357,349,348
4696475005,02107906,07/26/2009,330,327,323,316,315,312,310,309,311,310,312,319,320,317,318,326,330,327,330,327,328,326,336,339,344,350,346,339,342,342,345,349,354,357,355,351,348,345,343,348,348,353,355,356,350,349,346,343
4696475005,02107906,07/25/2009,320,318,313,315,307,313,305,307,310,305,315,317,318,314,313,323,320,338,327,326,333,332,334,334,333,347,345,342,347,340,338,347,341,353,356,354,353,347,342,344,355,353,346,346,341,340,341,333
4696475005,02107906,07/24/2009,333,331,325,319,319,320,317,314,318,323,329,327,333,329,330,342,347,350,350,348,347,354,350,346,347,356,357,361,360,345,342,340,338,349,346,344,348,340,328,326,335,343,346,345,344,343,341,331
4696475005,02107906,07/23/2009,343,342,338,331,330,330,326,322,323,320,333,342,343,343,353,364,368,373,362,369,380,368,366,370,372,377,373,375,377,369,361,365,363,368,365,365,358,345,345,350,363,359,354,351,351,347,342,342
4696475005,02107906,07/22/2009,324,321,318,313,313,311,312,312,311,311,327,328,335,332,345,352,294,301,351,357,368,372,365,372,375,376,376,375,376,372,367,360,356,353,350,354,351,340,343,344,342,350,354,356,355,356,350,347
4696475005,02107906,07/21/2009,321,319,312,307,306,307,306,306,307,310,315,318,323,326,331,334,345,355,338,351,356,347,347,354,357,360,356,360,365,357,350,354,345,349,354,351,351,331,334,330,330,348,348,342,336,334,331,330
4696475005,02107906,07/20/2009,323,321,312,309,311,310,310,309,307,316,320,318,322,326,333,340,352,353,353,351,357,352,352,352,359,362,357,363,346,345,347,348,342,344,341,344,338,329,330,329,334,343,343,345,342,338,334,326
4696475005,02107906,07/19/2009,321,321,309,302,302,300,300,298,302,303,316,312,306,312,319,312,321,325,323,323,319,319,321,336,339,336,332,340,337,325,333,333,335,336,337,339,340,321,326,324,325,333,336,337,334,333,330,328
4696475005,02107906,07/18/2009,336,329,318,316,314,311,310,309,312,315,323,319,312,319,325,326,328,327,318,322,334,326,327,329,337,334,334,342,335,327,328,328,337,335,337,338,341,323,325,320,322,333,335,334,331,328,322,321
4696475005,02107906,07/17/2009,337,336,335,328,324,319,318,316,318,320,324,323,325,334,344,347,356,361,353,366,363,368,361,358,359,356,359,375,373,370,366,359,351,361,359,357,356,345,337,334,335,345,351,351,348,347,341,340
4696475005,02107906,07/16/2009,323,317,315,314,312,307,310,306,305,306,314,319,315,331,337,343,356,362,352,359,359,363,375,372,380,381,371,370,380,380,368,373,363,366,361,355,364,362,355,355,353,362,362,357,353,353,352,346
4696475005,02107906,07/15/2009,326,325,313,308,306,304,303,302,311,316,313,311,307,328,327,327,284,280,333,337,347,353,354,356,361,357,354,356,359,347,348,350,352,355,352,346,346,347,336,330,331,340,345,348,347,344,336,329
4696475005,02107906,07/14/2009,323,319,309,306,304,305,303,303,304,312,308,308,304,315,328,323,333,336,335,339,341,336,342,346,355,353,357,349,348,332,337,353,337,343,343,346,341,336,330,325,329,334,333,331,332,327,329,325
4696475005,02107906,07/13/2009,307,307,307,304,303,301,304,302,297,304,304,303,300,321,335,329,342,346,341,343,343,350,358,361,361,356,349,354,355,346,343,337,343,346,344,341,341,332,332,330,331,341,342,337,341,335,330,323
4696475005,02107906,07/12/2009,321,319,316,312,311,308,305,307,307,309,313,315,307,311,322,330,327,331,333,331,336,338,332,339,341,341,335,336,337,330,333,332,335,341,339,339,344,332,333,334,333,332,335,331,336,333,330,318
4696475005,02107906,07/11/2009,307,304,299,296,296,295,294,289,289,287,303,302,302,319,319,315,318,322,314,319,317,315,327,327,329,326,335,335,340,330,331,327,331,341,339,331,341,337,331,331,335,339,339,341,337,336,334,328
4696475005,02107906,07/10/2009,316,316,312,303,302,302,300,298,302,308,310,315,316,318,328,333,332,338,342,335,336,341,343,349,350,348,340,352,353,345,334,335,332,340,349,337,347,341,324,320,319,323,325,327,326,325,319,313
4696475005,02107906,07/09/2009,314,315,308,304,299,298,300,297,302,312,305,307,308,322,324,335,340,341,333,337,337,341,346,346,350,347,341,347,356,349,346,343,339,340,336,333,333,329,325,324,324,328,332,327,327,327,325,318
4696475005,02107906,07/08/2009,307,304,301,297,295,293,292,291,291,294,300,303,300,306,331,331,276,280,326,328,334,333,334,334,339,337,340,343,350,339,340,339,341,339,339,333,335,333,324,323,324,324,330,327,324,325,322,318
4696475005,02107906,07/07/2009,303,300,298,295,295,295,294,292,296,305,307,309,304,318,331,330,340,346,339,338,349,345,346,355,359,350,344,351,352,354,340,347,349,345,343,338,342,345,325,321,322,321,326,325,323,321,318,312
4696475005,02107906,07/06/2009,308,307,303,295,294,292,291,292,293,300,306,305,303,317,320,320,330,331,319,323,322,332,329,337,342,344,335,341,350,341,333,326,330,336,338,334,335,333,326,323,324,328,329,327,328,322,320,311
4696475005,02107906,07/05/2009,309,300,292,289,289,285,285,284,282,283,293,295,295,305,311,307,305,308,302,304,312,310,310,311,316,313,313,316,316,316,321,318,317,317,321,322,315,306,306,308,312,314,314,316,312,313,310,308
4696475005,02107906,07/04/2009,304,305,293,287,290,285,285,284,284,293,294,294,291,308,313,307,311,323,311,314,315,313,317,324,325,325,322,326,321,318,320,320,323,329,333,328,329,321,320,313,318,322,321,321,321,318,313,311
4696475005,02107906,07/03/2009,298,295,294,287,286,289,285,289,289,289,298,301,291,304,305,304,307,313,310,312,309,317,314,318,319,312,319,318,324,321,316,319,323,332,324,330,327,321,320,316,316,317,321,321,319,318,313,307
4696475005,02107906,07/02/2009,316,315,306,303,302,302,303,302,299,304,311,311,306,311,330,335,341,339,335,335,337,342,335,345,348,343,344,343,348,338,337,340,332,336,334,334,334,324,323,322,322,327,326,321,320,317,316,307
4696475005,02107906,07/01/2009,319,323,313,305,307,307,304,303,305,309,314,317,314,324,333,339,281,287,344,338,341,341,343,354,352,351,346,352,344,342,344,347,343,342,337,342,341,336,331,327,334,335,333,335,334,331,330,321
4696475005,02107906,06/30/2009,317,316,315,308,303,299,295,297,297,299,306,309,303,318,336,334,341,346,337,340,341,345,342,343,354,354,349,353,354,338,338,335,342,339,339,334,332,328,331,328,331,337,329,328,325,326,324,324
4696475005,02107906,06/29/2009,310,303,300,300,299,295,295,294,295,297,300,306,299,318,327,331,337,341,332,334,339,341,339,340,346,347,348,346,353,343,341,343,338,344,341,336,339,331,328,328,327,330,332,332,329,328,329,321
4696475005,02107906,06/28/2009,305,306,301,300,297,293,290,292,293,293,298,299,295,298,303,308,313,314,310,309,310,308,309,307,318,321,324,320,323,325,318,317,320,323,328,326,327,321,317,318,319,324,324,322,320,318,314,315
4696475005,02107906,06/27/2009,326,321,318,317,308,307,309,307,302,304,312,308,305,305,312,313,320,314,311,314,313,318,321,321,322,322,319,327,325,327,321,325,326,326,327,323,326,329,320,321,322,324,325,323,320,319,313,307
4696475005,02107906,06/26/2009,327,325,321,315,314,319,318,316,312,314,322,323,321,322,328,331,351,357,354,355,357,368,355,363,370,369,367,365,371,365,360,359,355,353,358,359,364,356,353,343,335,342,338,343,339,335,331,327
4696475005,02107906,06/25/2009,320,319,312,309,303,306,303,299,299,304,311,310,313,323,339,334,344,352,340,348,348,354,349,351,360,356,352,352,355,350,345,345,344,344,345,345,345,345,336,333,338,336,336,336,335,337,331,331
4696475005,02107906,06/24/2009,311,309,304,302,300,297,295,299,298,293,303,304,297,319,332,331,284,285,324,345,342,348,348,350,358,348,352,355,351,345,346,349,340,337,346,348,340,329,328,327,328,334,332,333,332,332,329,326
4696475005,02107906,06/23/2009,312,309,305,301,296,294,296,295,295,295,308,309,311,320,328,326,335,335,334,331,335,339,335,341,348,341,342,345,352,348,343,342,343,351,341,335,327,324,320,316,315,319,324,322,316,316,318,317
4696475005,02107906,06/22/2009,305,300,294,293,290,290,290,290,286,291,298,299,303,304,314,320,330,337,330,338,340,342,343,338,350,342,340,344,348,351,347,349,343,356,349,343,342,331,331,330,325,332,334,333,332,332,323,318
4696475005,02107906,06/21/2009,314,314,312,307,305,302,297,297,300,297,307,308,305,307,324,324,324,325,318,314,311,313,312,313,318,329,322,328,326,320,319,318,318,320,324,323,322,318,314,314,315,316,319,318,320,320,315,309
4696475005,02107906,06/20/2009,318,316,314,308,302,304,302,301,302,299,64,81,169,227,295,332,341,337,335,331,332,330,335,333,341,341,335,344,345,341,344,345,350,340,346,340,344,333,339,333,335,336,335,337,335,336,332,325
4696475005,02107906,06/19/2009,303,302,307,300,295,296,297,291,290,298,302,300,296,304,329,327,341,342,325,328,331,333,340,345,351,345,341,353,354,350,347,345,342,353,354,359,342,337,336,333,334,337,339,342,337,338,331,329
4696475005,02107906,06/18/2009,282,280,281,279,275,275,275,275,275,281,283,287,291,301,313,309,342,351,341,342,353,358,356,361,364,367,362,361,363,362,357,353,354,358,360,359,352,344,337,341,331,330,329,330,328,327,324,310
4696475005,02107906,06/17/2009,289,288,277,277,273,272,270,272,271,272,281,285,286,293,294,296,252,257,304,312,318,311,318,317,324,327,313,323,319,313,313,310,316,318,319,310,300,292,294,289,294,297,298,299,300,296,295,289
4696475005,02107906,06/16/2009,295,293,287,280,278,279,279,276,275,279,284,289,284,293,307,303,315,325,313,315,316,318,326,322,325,329,323,316,314,310,311,310,310,324,316,314,304,301,298,295,297,302,300,297,291,287,294,293
4696475005,02107906,06/15/2009,283,281,276,271,269,272,270,269,269,270,276,280,277,284,305,305,306,310,311,312,314,312,315,314,318,321,317,317,317,313,312,310,309,316,311,311,303,302,304,303,307,310,312,310,310,309,307,301
4696475005,02107906,06/14/2009,286,282,278,276,272,272,268,269,272,274,282,277,270,273,280,283,287,291,289,284,285,286,287,297,297,298,290,293,300,295,291,288,292,291,291,300,290,287,289,294,295,295,301,301,301,300,298,288
4696475005,02107906,06/13/2009,282,282,282,277,275,272,271,268,270,275,274,278,272,272,278,277,279,283,286,281,281,286,284,287,295,289,287,291,294,288,286,289,286,286,288,290,293,293,293,291,295,297,301,304,302,306,305,292
4696475005,02107906,06/12/2009,304,301,292,288,283,282,279,279,284,286,288,294,289,291,304,311,319,322,310,310,314,318,313,322,321,315,324,322,325,320,311,310,310,314,313,312,303,300,295,296,299,304,308,306,303,302,301,294
4696475005,02107906,06/11/2009,293,294,285,282,282,281,277,276,280,281,284,290,293,295,307,315,314,318,317,339,344,346,353,358,353,354,353,356,365,355,323,321,320,324,320,316,319,315,308,310,308,313,315,314,314,313,309,311
4696475005,02107906,06/10/2009,311,312,312,308,305,304,303,300,303,303,308,313,308,321,327,341,288,296,336,345,324,322,324,328,338,332,327,337,338,326,324,325,325,329,327,327,320,311,308,303,303,305,306,306,304,303,302,298
4696475005,02107906,06/09/2009,297,298,293,286,286,287,289,293,285,286,289,296,293,299,307,309,313,317,319,340,340,342,341,343,357,374,366,365,375,361,366,366,369,375,360,355,350,329,333,332,337,338,332,325,327,318,317,315
4696475005,02107906,06/08/2009,297,294,292,289,284,279,280,281,279,280,288,291,286,291,305,306,315,345,340,340,342,348,355,351,359,363,350,361,359,354,340,329,325,328,324,327,321,308,312,308,309,313,312,314,313,310,307,302
4696475005,02107906,06/07/2009,285,288,279,276,275,270,267,268,270,271,277,282,276,280,295,290,290,301,295,292,298,298,301,298,304,309,302,312,315,309,306,305,306,309,311,313,318,306,305,304,301,306,307,310,313,308,304,302
4696475005,02107906,06/06/2009,296,286,277,272,267,264,264,263,269,268,266,276,276,276,284,286,287,294,293,293,287,284,284,285,295,287,285,300,294,288,288,292,291,296,298,295,307,293,293,293,294,298,302,297,297,296,291,286
4696475005,02107906,06/05/2009,276,275,278,277,273,273,272,271,272,274,280,283,284,299,307,305,310,319,309,305,313,312,314,321,321,307,310,319,312,305,306,307,307,309,305,306,306,294,293,291,293,300,304,303,302,303,284,301
4696475005,02107906,06/04/2009,311,305,306,308,303,300,300,298,300,301,306,305,307,311,322,325,314,312,307,309,309,308,314,311,317,313,316,310,316,309,309,308,314,316,313,312,309,298,296,297,299,301,303,302,302,299,294,285
4696475005,02107906,06/03/2009,298,294,287,284,281,276,278,279,275,279,284,284,284,292,302,305,261,268,311,349,350,357,353,363,357,361,351,356,355,348,347,347,351,356,350,348,343,329,328,326,333,333,335,329,329,330,326,316
4696475005,02107906,06/02/2009,288,288,281,279,275,272,273,272,272,280,283,285,279,284,299,302,304,313,315,320,311,322,319,314,321,329,328,330,333,327,325,328,328,336,330,328,316,304,306,304,303,314,306,296,293,299,298,297
4696475005,02107906,06/01/2009,265,268,273,275,274,272,266,264,266,264,267,274,259,266,285,289,296,306,308,304,303,302,297,298,304,312,307,312,313,308,308,312,309,320,318,311,306,293,298,301,301,305,305,306,301,300,297,290
4696475005,02107906,05/31/2009,266,262,263,271,271,271,270,268,266,266,270,279,274,271,276,277,272,288,295,281,278,280,277,287,297,291,293,289,307,293,289,288,287,291,294,297,301,292,286,288,292,295,295,290,290,292,283,274
4696475005,02107906,05/30/2009,280,280,277,275,276,275,272,266,264,261,269,276,273,275,284,280,281,288,287,280,281,279,282,284,290,291,287,300,297,289,289,289,289,285,292,290,301,296,289,290,290,294,291,292,285,282,282,273
4696475005,02107906,05/29/2009,285,284,281,277,278,276,272,269,271,273,279,283,289,293,298,305,301,310,314,334,333,338,346,345,341,344,344,342,335,328,317,304,303,304,304,311,307,293,293,293,294,299,299,299,295,292,285,280
4696475005,02107906,05/28/2009,288,285,280,278,273,270,270,268,265,270,282,281,276,289,295,300,311,322,306,313,310,312,307,311,311,320,318,322,321,318,310,313,307,303,306,307,301,289,288,291,292,298,298,299,298,295,293,290
4696475005,02107906,05/27/2009,270,269,268,266,266,264,264,260,258,259,270,277,281,284,294,295,249,266,301,308,305,303,308,310,309,306,307,315,309,311,311,309,301,300,299,303,299,294,295,295,296,299,295,297,296,295,293,290
4696475005,02107906,05/26/2009,284,284,281,277,275,271,269,269,268,271,276,284,288,297,307,304,304,313,297,294,294,299,299,301,307,302,296,306,304,301,302,302,301,299,297,290,299,288,285,284,292,296,290,286,280,276,277,272
4696475005,02107906,05/25/2009,291,288,283,280,279,278,274,273,269,272,281,286,280,275,279,290,282,294,292,286,290,294,295,304,304,302,305,309,305,299,299,297,306,301,305,299,298,295,293,297,294,300,300,300,302,297,294,290
4696475005,02107906,05/24/2009,284,282,274,276,273,268,265,265,268,266,270,275,275,281,298,292,292,300,311,290,286,291,291,299,312,300,302,312,309,303,300,301,310,311,307,308,301,293,293,293,298,300,299,301,299,302,300,297
4696475005,02107906,05/23/2009,286,284,275,271,271,268,264,265,263,272,275,275,266,275,287,287,285,289,294,292,295,296,304,302,302,302,310,306,317,298,306,304,300,306,309,307,308,305,298,291,295,299,300,299,302,294,292,289
4696475005,02107906,05/22/2009,274,270,272,272,272,271,268,267,265,263,269,273,276,282,298,305,299,305,317,307,303,308,312,311,321,321,314,316,313,302,300,304,316,312,313,308,308,301,294,290,298,301,301,303,296,297,294,291
4696475005,02107906,05/21/2009,265,263,259,259,257,253,254,251,248,251,256,260,260,267,284,289,287,305,304,296,298,300,301,301,322,317,311,320,317,308,310,312,305,310,306,304,298,295,291,293,293,298,297,297,297,295,288,281
4696475005,02107906,05/20/2009,272,273,265,259,259,256,254,253,253,261,266,271,269,282,284,283,223,231,295,288,297,301,300,302,303,307,300,313,318,301,307,305,306,311,308,302,304,309,286,282,283,286,288,288,290,292,289,275
4696475005,02107906,05/19/2009,269,268,259,257,257,253,252,253,250,251,259,258,261,268,271,283,284,293,301,293,291,295,295,299,299,314,303,298,302,294,294,295,295,295,299,293,289,279,284,284,282,288,287,288,286,280,276,276
4696475005,02107906,05/18/2009,261,258,255,256,255,250,248,250,243,254,256,258,257,265,275,276,285,295,301,296,292,288,284,290,291,291,289,299,300,294,293,291,295,293,294,291,292,279,283,281,280,285,284,284,283,280,281,277
4696475005,02107906,05/17/2009,271,267,270,267,266,262,260,261,260,263,265,272,274,274,280,279,273,276,280,275,277,274,270,275,277,282,276,281,285,276,276,274,270,275,276,281,282,275,272,271,273,275,277,278,280,275,271,266
4696475005,02107906,05/16/2009,272,269,266,267,267,265,261,259,260,263,272,278,277,280,283,280,285,288,296,282,282,282,282,286,287,284,287,300,302,292,295,295,292,295,301,297,295,292,285,283,289,294,290,288,284,282,276,272
4696475005,02107906,05/15/2009,288,288,278,276,276,272,269,269,268,269,281,282,281,287,295,304,300,306,310,309,309,307,309,309,310,326,313,320,324,309,300,310,304,302,304,306,308,298,292,287,293,298,302,299,296,294,285,282
4696475005,02107906,05/14/2009,274,272,263,261,261,256,256,255,257,261,271,269,277,281,285,287,298,297,302,295,294,307,297,303,307,311,315,317,322,317,317,307,305,307,310,308,305,294,293,293,297,299,301,300,303,301,298,293
4696475005,02107906,05/13/2009,258,254,252,254,251,250,245,245,244,252,262,265,260,272,283,283,236,247,292,290,295,298,291,294,293,300,290,292,304,293,302,301,291,288,295,299,294,282,280,277,279,281,284,285,284,285,285,277
4696475005,02107906,05/12/2009,258,254,254,250,249,245,246,244,247,244,260,263,269,269,282,280,287,296,283,283,283,284,285,291,296,305,296,301,303,290,286,284,284,288,284,291,293,282,273,270,273,281,282,275,274,269,265,261
4696475005,02107906,05/11/2009,284,281,273,270,267,263,259,261,260,261,270,276,272,269,287,286,289,304,294,290,287,289,287,286,294,296,291,297,300,300,290,295,292,295,287,289,286,282,282,282,278,282,282,279,279,278,274,265
4696475005,02107906,05/10/2009,276,273,265,268,264,260,254,258,260,267,274,272,270,266,273,278,281,286,289,281,284,281,281,279,282,285,284,296,290,281,281,288,289,293,296,298,295,283,284,281,283,283,279,283,292,291,293,291
4696475005,02107906,05/09/2009,284,283,276,271,271,271,268,270,269,270,273,275,275,276,286,291,294,295,288,288,289,288,295,299,302,302,299,308,317,307,304,302,307,310,304,311,312,294,295,295,303,301,297,296,296,296,293,280
4696475005,02107906,05/08/2009,274,272,274,270,269,268,263,259,257,257,269,277,272,273,296,298,305,317,303,295,295,306,304,306,315,307,309,317,327,307,306,305,303,301,305,312,315,296,289,288,296,296,301,301,298,298,293,291
4696475005,02107906,05/07/2009,282,277,273,270,268,264,264,265,268,270,277,275,277,282,286,297,302,309,309,305,302,306,302,305,317,312,306,313,322,317,307,305,302,304,302,306,307,306,292,289,296,295,293,294,290,289,287,278
4696475005,02107906,05/06/2009,263,261,259,257,255,251,253,249,250,258,265,272,278,274,282,290,226,237,297,295,295,297,296,296,300,308,303,305,300,303,298,295,293,287,286,300,298,285,288,289,291,294,295,295,295,292,289,286
4696475005,02107906,05/05/2009,274,274,269,262,261,258,258,257,256,255,264,272,272,273,285,296,293,297,295,291,287,289,290,296,296,301,294,293,300,306,295,287,286,280,280,284,286,273,276,277,281,282,278,276,275,275,267,260
4696475005,02107906,05/04/2009,265,264,259,260,259,252,253,250,253,257,265,269,264,282,297,300,302,313,302,295,291,296,295,292,296,303,283,297,303,292,291,290,288,286,292,289,295,290,278,277,281,282,284,283,283,284,283,278
4696475005,02107906,05/03/2009,275,267,265,264,262,261,258,258,258,257,270,274,274,276,281,278,277,278,278,272,275,277,276,276,283,283,280,288,288,275,276,276,273,271,273,285,293,274,277,278,280,282,282,282,283,281,276,269
4696475005,02107906,05/02/2009,275,270,265,265,265,263,261,260,261,259,265,276,273,273,273,275,281,284,283,275,277,281,275,278,286,288,288,295,295,282,278,279,276,274,283,285,290,294,283,280,287,288,287,287,284,283,281,277
4696475005,02107906,05/01/2009,278,280,275,269,267,265,264,265,263,265,268,270,277,281,288,298,304,300,305,291,295,296,294,304,305,305,299,299,304,308,306,299,298,294,301,304,309,302,294,289,293,294,296,297,295,293,289,284
4696475005,02107906,04/30/2009,273,272,268,267,262,262,260,261,259,262,270,277,279,281,282,291,294,301,304,287,291,288,292,294,301,306,296,302,306,303,293,297,294,289,303,303,298,296,294,286,289,290,291,291,291,291,288,282
4696475005,02107906,04/29/2009,283,280,274,273,274,273,271,269,268,267,281,279,282,297,310,312,261,263,304,303,303,311,309,318,318,311,298,301,311,308,296,291,287,285,292,295,294,295,290,280,283,287,284,285,287,287,283,280
4696475005,02107906,04/28/2009,272,269,273,271,272,270,268,265,265,270,276,283,283,287,294,302,309,321,304,302,307,312,310,313,312,317,315,324,332,310,309,310,311,307,307,306,315,309,298,294,300,300,293,292,289,289,287,284
4696475005,02107906,04/27/2009,287,284,274,272,271,270,272,268,266,269,276,282,287,290,296,295,309,314,308,303,306,307,309,311,319,320,313,325,322,309,311,309,306,300,301,306,316,313,301,296,302,300,302,301,301,296,292,283
4696475005,02107906,04/26/2009,283,280,273,268,268,270,269,268,269,269,284,278,276,284,294,284,285,294,293,282,279,283,284,295,297,292,291,310,309,297,296,297,294,294,300,307,308,301,296,296,301,298,303,301,299,299,297,291
4696475005,02107906,04/25/2009,281,273,264,261,257,257,258,256,254,255,265,271,268,271,273,271,282,287,278,276,273,279,283,298,294,289,290,300,302,293,291,294,294,291,291,297,299,298,295,291,297,297,297,298,294,291,291,283
4696475005,02107906,04/24/2009,260,258,259,258,259,255,255,253,250,253,258,261,268,270,284,290,295,300,286,286,289,290,298,292,302,288,291,296,307,297,295,295,292,292,294,297,304,291,286,280,284,285,289,289,286,288,287,286
4696475005,02107906,04/23/2009,261,254,255,257,254,254,252,249,248,254,262,267,271,279,286,288,255,236,226,226,231,291,291,298,302,291,290,289,305,297,292,292,294,290,292,297,301,296,281,278,284,286,286,284,282,282,274,269
4696475005,02107906,04/22/2009,266,262,259,257,259,254,251,253,252,254,265,266,273,280,288,286,238,242,286,290,296,299,295,299,305,302,291,295,305,296,294,288,287,285,282,288,295,296,281,275,282,285,288,284,283,283,281,271
4696475005,02107906,04/21/2009,276,272,268,265,263,259,256,255,250,261,271,270,272,283,281,279,293,302,293,288,293,293,295,294,307,295,296,299,304,293,293,297,293,289,290,290,299,295,280,283,288,286,286,282,272,268,266,267
4696475005,02107906,04/20/2009,263,264,261,258,254,253,253,254,257,250,261,264,269,278,292,299,303,305,292,293,287,287,295,290,304,298,290,303,309,307,294,290,290,288,291,303,303,286,291,290,295,295,292,292,292,293,287,283
4696475005,02107906,04/19/2009,276,265,262,257,257,254,258,258,257,255,258,262,263,261,273,280,272,280,270,273,269,276,274,275,282,272,272,282,288,273,271,270,271,271,277,283,287,280,276,274,278,283,283,285,282,283,276,272
4696475005,02107906,04/18/2009,256,257,255,254,256,254,249,248,249,247,250,255,257,257,263,263,269,278,274,271,270,269,268,262,272,268,265,279,282,274,274,271,271,270,274,283,284,273,276,274,279,283,282,279,278,283,276,274
4696475005,02107906,04/17/2009,272,271,264,261,255,254,254,251,254,254,264,264,265,273,281,282,288,295,284,290,300,289,291,293,296,292,287,284,297,292,284,285,281,277,278,282,296,294,277,275,281,281,283,286,290,288,280,270
4696475005,02107906,04/16/2009,266,265,259,257,255,247,245,249,247,253,269,270,276,279,285,285,294,315,290,291,287,295,289,293,297,289,286,294,300,302,291,287,279,275,279,274,288,285,279,277,279,281,280,280,281,281,282,277
4696475005,02107906,04/15/2009,258,254,254,254,250,252,249,247,245,249,264,263,264,280,294,292,238,243,282,288,291,290,299,289,298,292,294,302,308,297,292,287,285,279,278,280,293,277,274,276,280,277,276,279,278,280,272,266
4696475005,02107906,04/14/2009,259,257,253,252,250,247,246,248,248,250,255,259,267,277,284,278,292,294,279,284,282,286,284,284,286,289,285,291,297,284,285,284,280,275,277,287,291,273,273,275,276,279,272,269,268,267,257,260
4696475005,02107906,04/13/2009,266,265,256,260,254,250,250,246,248,247,258,262,264,275,275,275,283,288,287,280,282,282,279,281,284,281,281,284,289,285,285,281,282,277,276,293,292,272,274,281,281,277,278,278,278,279,273,264
4696475005,02107906,04/12/2009,267,265,262,254,254,247,247,244,245,244,256,252,257,262,269,263,263,261,269,256,262,261,263,272,279,269,267,271,278,268,269,267,264,266,270,277,282,273,275,272,278,278,277,280,278,279,276,267
4696475005,02107906,04/11/2009,275,275,267,263,261,260,261,256,253,259,260,267,276,284,279,276,282,286,272,266,269,286,272,282,277,271,269,277,281,267,266,268,264,264,265,271,283,275,272,273,277,280,277,275,276,273,274,265
4696475005,02107906,04/10/2009,262,261,264,258,253,254,253,251,248,250,266,258,273,290,278,281,294,305,283,287,293,300,296,307,311,316,289,290,306,296,283,287,283,283,286,284,283,282,304,290,286,284,292,288,284,287,280,279
4696475005,02107906,04/09/2009,264,262,258,253,248,250,249,247,244,243,249,257,261,282,276,275,289,300,300,289,298,291,302,292,300,291,285,305,299,284,286,290,288,283,287,288,300,300,282,279,284,282,285,283,282,281,278,268
4696475005,02107906,04/08/2009,259,258,255,252,251,248,249,249,248,255,263,264,265,270,285,279,229,229,283,285,288,286,304,304,307,291,290,298,307,296,288,284,285,282,278,295,289,298,292,278,282,281,282,286,284,282,275,266
4696475005,02107906,04/07/2009,267,264,255,249,253,250,250,248,246,248,253,254,260,269,275,275,281,276,281,280,277,278,278,282,287,282,276,278,285,284,275,279,280,272,276,271,274,278,272,275,274,279,271,269,264,264,264,261
4696475005,02107906,04/06/2009,263,257,260,261,262,259,261,261,256,263,268,269,269,286,298,293,296,298,301,297,301,298,297,299,307,299,294,297,303,298,297,299,295,289,291,293,290,283,282,286,284,285,282,284,281,282,277,274
4696475005,02107906,04/05/2009,261,254,255,255,249,249,246,243,245,248,249,251,253,261,271,268,272,275,263,265,262,265,266,271,280,273,274,284,280,273,275,269,270,268,273,272,280,282,270,277,276,281,285,286,284,284,275,268
4696475005,02107906,04/04/2009,262,257,250,254,250,246,246,246,248,247,253,254,254,261,261,260,259,261,270,262,274,263,261,268,279,270,270,277,284,271,270,271,269,262,269,273,281,277,274,275,278,278,281,281,278,275,272,267
4696475005,02107906,04/03/2009,276,276,270,266,263,258,257,257,258,261,267,271,271,282,291,293,286,288,288,292,284,291,294,295,295,291,286,288,293,303,291,287,284,283,284,285,295,281,277,279,286,290,288,286,284,284,279,271
4696475005,02107906,04/02/2009,278,272,265,261,260,258,259,257,256,259,274,273,275,287,300,303,303,301,299,292,306,295,296,295,294,290,286,290,307,307,291,291,287,284,282,282,289,289,279,280,283,283,284,284,285,287,284,279
4696475005,02107906,04/01/2009,262,260,255,249,249,249,249,246,245,251,257,263,262,282,297,307,240,245,287,284,287,293,299,296,302,306,295,308,315,304,303,295,291,287,288,298,291,278,284,286,286,285,284,287,282,285,282,280
4696475005,02107906,03/31/2009,258,253,250,248,246,240,242,238,239,246,250,261,265,275,280,279,288,296,280,282,288,290,290,295,292,293,283,287,299,289,293,294,287,280,287,292,300,279,276,273,275,272,273,272,272,272,274,268
4696475005,02107906,03/30/2009,265,267,263,257,256,255,255,253,253,258,272,265,270,285,280,277,288,285,290,281,277,276,279,281,283,283,277,282,299,284,281,281,275,271,272,287,289,278,273,276,275,277,278,278,276,275,272,266
4696475005,02107906,03/29/2009,264,266,263,259,257,252,254,249,247,250,257,262,260,273,279,264,269,278,267,259,260,264,268,283,284,275,272,287,290,273,275,277,275,274,272,284,296,273,272,274,275,276,279,279,279,278,273,270
4696475005,02107906,03/28/2009,270,266,263,253,254,252,250,250,250,258,261,260,262,276,276,276,275,277,269,267,266,263,268,279,281,270,271,282,282,272,269,267,267,266,272,280,288,270,268,271,276,278,273,277,273,275,270,267
4696475005,02107906,03/27/2009,261,261,256,253,249,249,248,248,248,251,264,265,268,278,284,281,295,290,286,288,285,292,308,299,301,299,292,308,304,292,288,288,286,278,289,293,298,283,284,286,283,283,284,284,281,282,276,274
4696475005,02107906,03/26/2009,261,260,253,251,255,251,247,249,249,252,262,263,272,276,283,287,290,295,282,283,281,284,289,295,299,285,285,296,298,286,285,282,280,275,277,289,286,270,275,273,277,276,279,275,275,278,276,270
4696475005,02107906,03/25/2009,260,259,261,257,256,251,248,251,250,256,270,269,271,282,286,281,229,236,279,282,291,284,288,289,298,289,288,291,304,295,284,282,280,278,277,285,290,289,277,279,282,279,278,280,282,281,273,269
4696475005,02107906,03/24/2009,264,265,263,261,259,254,249,249,250,252,265,270,276,285,284,279,286,297,296,285,286,285,282,282,294,283,283,294,295,284,287,286,281,274,281,282,286,277,274,275,276,281,275,273,270,265,257,261
4696475005,02107906,03/23/2009,250,248,254,248,247,246,242,242,241,249,261,264,267,280,292,290,291,299,288,290,289,288,290,294,295,284,285,293,302,289,287,286,278,278,282,282,285,290,275,278,278,280,279,284,282,279,274,271
4696475005,02107906,03/22/2009,250,246,243,240,238,239,243,238,235,237,248,250,252,263,272,263,267,271,263,266,271,263,260,272,271,266,266,281,285,272,271,272,272,268,276,285,290,274,276,273,275,278,277,276,275,278,270,261
4696475005,02107906,03/21/2009,249,247,244,240,238,233,235,235,233,239,253,253,256,267,272,262,275,279,260,259,261,260,260,270,270,259,258,278,284,263,265,269,264,263,262,276,281,259,265,269,271,270,270,272,269,271,264,258
4696475005,02107906,03/20/2009,271,264,266,263,257,262,261,260,257,257,276,273,271,290,291,284,288,297,290,280,281,280,287,288,289,283,281,296,297,281,272,274,271,267,272,277,282,272,267,266,270,270,270,273,273,271,267,258
4696475005,02107906,03/19/2009,278,272,268,265,261,265,261,258,260,263,272,272,276,288,299,289,296,307,301,291,293,293,291,299,296,291,288,301,297,291,291,288,283,283,282,283,291,277,277,277,283,283,284,285,284,283,280,272
4696475005,02107906,03/18/2009,259,256,249,245,245,246,242,242,242,243,259,261,263,285,294,289,234,244,283,289,293,297,295,303,304,299,299,310,311,301,298,295,292,285,284,295,290,278,291,293,293,292,295,292,292,293,288,284
4696475005,02107906,03/17/2009,256,248,246,246,247,243,244,241,241,245,260,258,262,283,286,282,285,291,283,283,283,276,283,282,290,293,282,299,287,288,284,281,281,275,278,282,290,272,271,270,272,272,270,271,269,270,268,262
4696475005,02107906,03/16/2009,257,259,254,252,251,253,254,251,249,252,264,272,268,284,295,289,292,296,279,280,287,292,282,286,296,287,282,292,287,280,279,284,277,272,282,279,286,270,276,276,277,279,278,273,277,274,270,264
4696475005,02107906,03/15/2009,206,201,201,196,193,193,193,192,194,195,209,211,210,219,220,217,218,222,208,211,212,223,255,261,264,260,265,278,264,264,263,265,262,264,268,278,276,262,270,271,270,270,273,275,272,269,272,265
4696475005,02107906,03/14/2009,206,201,194,191,194,189,190,196,192,197,211,207,211,218,221,218,217,222,227,212,209,211,213,210,211,204,217,219,202,203,205,205,202,203,202,213,222,203,207,209,208,208,212,213,210,207,206,201
4696475005,02107906,03/13/2009,200,197,198,202,194,190,190,186,188,192,203,209,212,228,223,219,232,232,225,219,217,218,219,233,232,215,215,228,230,217,210,207,209,203,204,214,216,196,208,210,221,218,219,223,219,215,217,208
4696475005,02107906,03/12/2009,258,254,253,246,248,249,243,245,246,243,249,259,266,271,286,283,281,295,288,290,283,284,227,233,231,219,212,222,233,217,215,211,209,205,209,217,224,206,204,209,208,207,212,209,207,205,203,196
4696475005,02107906,03/11/2009,260,259,258,255,251,250,246,249,252,252,261,261,266,279,290,289,228,236,290,297,293,294,292,302,302,301,295,302,307,298,300,300,292,288,291,298,292,280,279,277,278,283,283,283,282,282,275,265
4696475005,02107906,03/10/2009,265,263,259,259,255,257,254,250,250,250,262,263,266,274,282,282,288,292,294,284,286,284,286,287,287,286,288,287,289,285,282,280,276,274,273,280,279,265,274,276,279,276,274,273,269,266,264,261
4696475005,02107906,03/09/2009,256,257,254,248,248,249,249,251,249,251,261,264,272,281,290,289,299,303,289,295,289,293,295,295,303,299,296,299,306,294,287,286,280,279,279,276,280,269,276,275,273,277,277,277,278,276,274,273
4696475005,02107906,03/08/2009,260,261,252,253,-,-,251,246,246,248,259,257,263,269,279,274,268,278,268,263,265,267,269,265,270,267,267,278,277,270,269,268,268,263,268,274,278,269,275,281,282,279,274,273,271,269,267,260
4696475005,02107906,03/07/2009,262,261,251,252,247,247,243,242,239,244,248,253,254,257,264,257,258,272,276,264,271,267,268,275,273,271,268,273,272,268,269,268,266,266,268,272,276,270,273,272,272,274,277,275,278,274,272,268
4696475005,02107906,03/06/2009,264,265,267,261,255,255,252,253,250,253,270,272,273,290,284,280,294,300,292,291,289,287,290,290,291,285,290,296,295,282,282,281,282,268,276,281,291,287,280,280,284,284,289,286,282,279,278,270
4696475005,02107906,03/05/2009,265,266,258,257,255,252,251,250,250,252,266,265,272,277,285,282,296,303,291,290,292,295,291,293,304,295,288,297,286,286,284,279,280,272,274,289,280,270,274,275,274,276,276,275,275,277,269,269
4696475005,02107906,03/04/2009,255,255,249,244,241,236,237,236,235,240,256,261,262,276,280,272,213,223,271,270,285,285,289,297,297,287,285,299,290,284,284,282,281,274,281,288,290,277,280,277,279,278,278,278,278,278,272,270
4696475005,02107906,03/03/2009,258,257,247,244,244,244,243,237,237,237,248,255,267,276,263,255,270,290,285,277,283,283,281,291,293,287,281,293,292,286,284,278,269,266,271,277,283,260,271,269,270,270,270,270,272,269,270,265
4696475005,02107906,03/02/2009,262,257,253,253,247,246,247,248,246,248,262,266,266,276,271,265,274,283,284,279,279,269,262,271,277,276,271,283,278,272,268,267,265,260,272,271,281,263,267,271,271,272,274,273,275,272,270,264
4696475005,02107906,03/01/2009,262,260,254,253,249,251,250,244,243,245,256,252,263,265,273,263,266,275,265,256,255,263,265,262,269,260,259,273,265,262,262,261,258,261,271,286,277,267,270,267,266,270,268,272,272,270,266,262
4696475005,02107906,02/28/2009,267,262,255,250,248,245,244,242,242,246,259,262,255,260,263,259,265,275,255,264,255,258,260,273,272,263,264,275,280,262,262,263,264,258,267,275,277,266,264,267,272,268,272,272,272,269,267,264
4696475005,02107906,02/27/2009,260,257,253,254,254,252,253,252,248,245,263,260,268,279,280,276,293,295,294,286,290,295,302,295,299,294,288,295,288,286,278,277,274,275,276,289,285,275,275,280,281,286,280,280,278,278,276,270
4696475005,02107906,02/26/2009,253,250,248,245,246,248,243,245,241,245,261,266,270,275,279,276,292,300,288,290,288,296,289,291,297,287,284,290,304,286,284,286,280,271,279,284,295,285,272,275,275,279,274,270,268,266,264,257
4696475005,02107906,02/25/2009,265,262,256,255,252,252,252,252,250,253,265,270,268,284,272,276,226,236,283,287,283,287,289,296,298,290,290,290,297,290,284,288,279,274,279,282,297,272,272,274,272,276,278,276,277,271,264,261
4696475005,02107906,02/24/2009,267,263,257,255,257,255,254,250,249,252,267,268,273,287,280,277,288,293,290,292,297,298,291,295,297,289,289,296,297,291,289,285,278,290,287,282,302,276,273,269,269,270,276,277,276,276,272,265
4696475005,02107906,02/23/2009,254,253,249,249,250,249,242,243,241,245,255,255,263,278,278,267,271,275,282,285,290,292,277,281,297,285,285,295,293,288,287,283,279,272,276,281,289,273,276,277,276,280,279,279,279,281,277,269
4696475005,02107906,02/22/2009,259,250,245,247,244,243,239,238,239,243,247,246,251,258,259,257,268,271,258,261,261,261,260,263,268,263,261,268,266,261,263,260,255,253,260,266,283,267,272,272,274,273,274,273,272,271,267,262
4696475005,02107906,02/21/2009,251,251,243,243,243,244,244,240,239,243,250,252,254,258,260,259,265,273,266,261,263,264,270,267,272,267,264,268,270,262,263,260,258,253,261,274,278,261,270,270,270,271,270,274,271,270,268,262
4696475005,02107906,02/20/2009,269,267,262,259,252,251,250,250,251,251,258,266,269,276,279,284,292,291,290,284,280,283,284,286,292,289,279,285,283,276,271,272,268,268,272,276,283,267,268,270,272,273,272,273,273,271,270,261
4696475005,02107906,02/19/2009,265,267,264,259,259,255,257,257,255,254,267,265,269,286,288,285,291,303,290,293,292,290,294,298,297,292,289,294,286,286,282,280,276,276,276,275,285,274,277,277,278,275,280,278,277,277,272,269
4696475005,02107906,02/18/2009,257,256,254,248,243,239,240,237,239,239,249,254,265,277,283,282,230,234,293,286,287,292,293,291,294,287,285,292,297,293,290,289,287,281,284,291,294,280,282,279,281,282,276,280,279,275,276,271
4696475005,02107906,02/17/2009,216,213,212,208,208,203,200,203,205,205,214,219,224,237,241,237,240,249,272,282,281,284,283,286,295,291,280,285,289,278,277,276,271,270,274,278,283,269,270,268,268,268,269,270,271,267,264,259
4696475005,02107906,02/16/2009,221,219,214,213,214,212,208,205,204,205,213,218,216,222,232,221,226,237,230,229,226,228,222,226,236,220,219,229,226,221,218,217,217,215,223,230,244,227,227,228,227,229,234,227,231,233,229,220
4696475005,02107906,02/15/2009,221,218,211,210,206,203,203,203,204,210,209,212,213,214,218,215,218,224,231,223,221,226,220,225,222,222,218,232,225,217,217,216,216,215,223,236,236,226,230,230,230,231,234,232,229,231,227,220
4696475005,02107906,02/14/2009,260,258,250,250,251,245,246,245,245,246,259,255,251,237,222,218,222,231,219,215,216,218,223,223,227,218,215,228,224,217,216,216,216,214,223,235,244,222,226,226,230,232,232,229,227,228,222,219
4696475005,02107906,02/13/2009,253,255,253,251,252,247,246,246,242,249,251,259,264,276,274,271,276,287,280,280,281,280,285,290,283,286,284,292,288,280,280,277,275,271,279,287,287,272,276,275,275,279,280,278,273,273,272,264
4696475005,02107906,02/12/2009,272,270,263,264,260,255,254,254,254,257,260,268,270,283,279,273,283,288,290,286,287,293,284,288,290,286,287,298,296,284,286,284,279,278,281,280,294,278,276,277,273,274,280,279,278,275,275,267
4696475005,02107906,02/11/2009,273,268,264,267,260,259,261,249,254,259,262,267,274,285,284,283,229,239,286,297,295,295,302,297,303,295,291,310,296,293,295,291,291,287,285,284,301,285,286,284,287,286,289,288,288,293,288,277
4696475005,02107906,02/10/2009,265,264,262,256,258,255,255,253,249,253,263,261,268,281,277,278,284,291,293,292,288,287,286,286,293,287,282,298,291,287,285,283,277,280,286,294,295,277,277,274,273,275,279,278,278,280,277,277
4696475005,02107906,02/09/2009,257,255,260,248,246,247,241,241,240,247,249,254,260,277,283,281,287,294,298,285,288,289,292,291,297,291,288,303,294,286,294,284,280,279,280,290,296,273,280,278,279,278,281,278,278,276,273,271
4696475005,02107906,02/08/2009,257,259,253,252,252,251,251,254,252,248,256,261,259,260,271,265,266,273,265,263,266,262,263,270,275,265,264,274,278,271,268,264,263,264,272,274,287,277,274,276,276,274,276,276,275,274,265,260
4696475005,02107906,02/07/2009,254,250,247,242,241,242,242,238,239,240,247,251,253,255,257,254,255,263,261,254,256,257,256,269,272,270,261,277,277,267,273,272,266,261,265,273,282,282,272,273,272,273,276,275,277,276,270,265
4696475005,02107906,02/06/2009,264,263,257,254,254,249,246,248,249,248,260,264,265,270,278,263,280,293,282,285,287,291,290,288,288,283,279,286,291,278,276,274,272,265,272,276,283,282,274,272,275,275,275,272,272,270,266,260
4696475005,02107906,02/05/2009,264,262,260,257,256,256,251,248,249,253,268,263,272,281,282,278,283,293,289,294,291,287,292,291,295,286,284,299,292,280,281,280,275,271,274,284,291,270,275,273,274,276,278,278,278,276,273,270
4696475005,02107906,02/04/2009,255,248,246,244,243,242,238,239,239,246,257,264,271,282,290,289,239,246,292,292,286,292,293,291,289,286,283,303,310,286,284,276,272,271,272,289,293,272,278,278,275,274,278,279,277,276,274,266
4696475005,02107906,02/03/2009,258,255,250,249,245,243,240,238,242,243,246,257,261,270,279,281,285,292,283,276,276,275,278,279,291,293,280,292,286,277,284,280,276,269,275,287,295,270,270,270,270,267,270,267,265,264,263,260
4696475005,02107906,02/02/2009,262,262,259,259,256,251,250,250,249,251,263,268,264,273,280,275,279,287,282,282,272,284,283,285,289,290,284,295,289,283,285,281,276,273,274,291,280,270,273,271,271,274,274,276,272,273,268,265
4696475005,02107906,02/01/2009,257,255,249,245,243,241,241,241,246,243,249,255,252,262,264,257,261,265,261,259,256,262,258,264,268,264,265,279,278,268,270,269,266,265,269,288,296,275,275,276,278,275,276,270,274,271,268,268
4696475005,02107906,01/31/2009,259,257,255,253,249,248,247,242,241,242,258,252,257,265,269,258,266,273,266,259,265,259,259,266,272,271,267,276,278,264,261,262,261,259,269,282,280,263,263,265,272,271,272,268,267,271,266,261
4696475005,02107906,01/30/2009,256,253,248,245,245,245,245,238,238,240,248,259,264,271,281,272,283,289,280,279,277,279,280,278,281,273,276,280,290,281,269,269,269,268,272,285,289,279,272,272,276,277,274,275,271,271,269,265
4696475005,02107906,01/29/2009,260,259,251,249,245,243,243,241,241,246,249,256,262,280,281,276,284,291,280,282,283,287,277,274,282,274,269,272,270,269,267,271,264,265,263,275,284,278,269,269,271,269,268,267,267,271,266,263
4696475005,02107906,01/28/2009,256,256,254,252,248,246,247,247,245,258,261,259,257,271,277,273,218,229,283,279,275,278,276,281,284,279,277,278,293,290,276,275,273,270,277,291,293,290,275,274,277,277,277,279,278,272,269,259
4696475005,02107906,01/27/2009,261,257,249,248,250,247,243,242,242,245,259,262,259,273,272,272,277,290,279,274,280,275,277,279,286,281,274,283,284,273,275,269,268,263,271,286,295,270,274,273,274,275,273,266,261,261,263,259
4696475005,02107906,01/26/2009,242,241,241,240,237,235,235,233,233,235,249,248,249,261,277,273,272,285,276,272,276,274,275,282,283,279,277,285,287,271,273,268,265,264,267,272,287,266,269,265,267,269,272,270,270,269,266,265
4696475005,02107906,01/25/2009,243,243,240,232,232,231,230,234,233,230,233,247,245,258,260,253,255,263,245,251,244,243,243,250,249,251,247,261,262,249,252,251,248,243,252,265,274,250,252,256,256,259,261,260,259,258,256,247
4696475005,02107906,01/24/2009,246,248,242,237,234,232,230,233,235,239,245,246,251,255,256,252,256,265,256,248,248,247,245,252,252,249,249,262,262,248,246,245,246,241,249,263,275,256,261,258,260,261,262,261,262,260,257,251
4696475005,02107906,01/23/2009,250,248,243,241,239,237,234,233,234,240,249,254,261,261,266,260,273,277,268,272,275,280,286,280,282,280,273,284,285,274,268,262,265,258,264,282,287,273,269,267,272,271,269,270,268,269,261,255
4696475005,02107906,01/22/2009,252,250,245,242,238,235,232,233,232,237,248,247,251,261,274,267,281,284,279,276,272,277,282,285,284,279,275,286,291,274,292,288,291,283,289,289,304,294,284,275,265,266,265,266,267,265,263,252
4696475005,02107906,01/21/2009,247,245,239,238,235,233,232,230,230,238,249,249,249,263,268,265,217,224,267,270,274,275,273,283,281,271,267,276,280,269,266,264,263,258,268,278,283,271,263,263,265,268,271,266,266,263,259,253
4696475005,02107906,01/20/2009,248,246,245,244,235,234,236,233,235,238,246,243,250,259,267,255,262,264,260,255,253,258,261,266,267,259,254,270,255,249,250,251,251,249,260,272,273,256,257,258,261,262,259,259,261,261,258,250
4696475005,02107906,01/19/2009,246,248,245,241,236,234,235,231,232,238,247,242,250,251,266,257,259,260,253,249,250,252,258,251,252,257,249,262,268,256,250,249,250,250,255,261,274,255,261,262,261,262,262,263,262,260,259,253
4696475005,02107906,01/18/2009,249,250,246,241,240,239,237,237,236,238,244,253,251,254,261,251,254,261,262,255,248,248,255,260,262,250,248,265,261,260,253,251,249,249,260,267,275,275,260,258,259,262,265,261,264,261,255,255
4696475005,02107906,01/17/2009,250,249,244,241,241,238,237,237,237,240,243,243,242,246,257,249,255,259,259,258,250,252,255,251,252,254,252,264,263,256,262,257,258,255,258,260,271,277,267,261,264,261,263,264,259,262,259,253
4696475005,02107906,01/16/2009,246,244,244,238,236,231,228,227,226,233,234,239,248,257,261,256,268,275,273,269,265,270,272,270,277,268,265,276,276,264,265,263,260,254,263,268,277,269,262,262,267,266,267,263,264,264,260,254
4696475005,02107906,01/15/2009,245,245,237,234,232,232,232,228,230,239,245,246,257,266,265,264,270,277,275,267,273,268,266,270,271,266,261,274,280,265,264,264,263,259,265,267,274,263,256,256,257,261,265,262,261,261,256,249
4696475005,02107906,01/14/2009,252,249,247,242,237,236,237,236,238,241,244,251,254,265,269,267,215,222,269,269,272,273,269,269,270,269,266,275,281,267,270,266,265,266,267,271,275,278,262,263,265,266,268,266,265,261,261,256
4696475005,02107906,01/13/2009,254,254,247,246,247,245,243,239,235,238,247,248,256,274,278,271,277,281,272,270,270,274,267,272,275,275,270,282,288,275,270,269,268,263,268,273,278,261,265,264,267,269,265,266,261,259,252,251
4696475005,02107906,01/12/2009,242,237,232,233,230,229,230,232,228,237,244,241,245,265,272,263,271,280,283,277,284,277,276,277,284,277,275,282,281,279,276,273,270,266,274,285,285,262,268,267,268,270,271,267,268,266,267,259
4696475005,02107906,01/11/2009,231,226,228,225,230,225,221,221,221,222,227,231,240,247,251,247,243,256,245,245,242,249,247,248,252,249,247,255,262,250,254,248,248,250,260,264,260,265,269,260,255,253,257,256,253,253,250,247
4696475005,02107906,01/10/2009,246,239,237,237,235,235,232,228,231,231,236,239,242,256,256,253,255,255,252,241,241,242,246,251,255,253,256,262,272,262,258,252,251,252,260,263,271,259,253,254,256,254,251,246,236,233,234,234
4696475005,02107906,01/09/2009,254,252,251,246,245,243,240,242,240,244,258,256,259,270,282,267,272,279,272,269,272,269,274,279,277,272,270,278,284,272,267,264,265,261,270,277,286,263,258,262,262,265,263,263,264,263,261,251
4696475005,02107906,01/08/2009,263,259,253,251,251,245,246,245,243,248,253,258,266,271,277,273,282,291,287,278,274,286,284,287,280,281,274,272,278,286,288,279,268,272,271,279,279,281,268,264,271,268,270,271,267,269,264,257
